1.0 7.0 7.0 7.0 7.0 0.0 6.0 0.0 6.0 6.0 6.0 6.0 6.0 7.0 
2.0 8.0 8.0 9.0 9.0 2.0 0.0 1.0 7.0 0.0 6.0 6.0 6.0 8.0 
2.0 8.0 9.0 10.0 11.0 0.0 1.0 2.0 8.0 1.0 0.0 6.0 6.0 8.0 
2.0 9.0 10.0 11.0 13.0 0.0 2.0 3.0 0.0 1.0 0.0 6.0 6.0 9.0 
5.0 10.0 0.0 11.0 13.0 0.0 1.0 6.0 1.0 0.0 1.0 7.0 7.0 10.0 
6.0 0.0 0.0 11.0 15.0 2.0 3.0 8.0 2.0 2.0 3.0 1.0 8.0 11.0 
7.0 1.0 1.0 0.0 15.0 4.0 5.0 10.0 1.0 1.0 4.0 2.0 9.0 12.0 
7.0 2.0 2.0 1.0 16.0 0.0 0.0 17.0 0.0 0.0 4.0 2.0 9.0 12.0 
8.0 0.0 3.0 2.0 17.0 1.0 1.0 18.0 1.0 1.0 5.0 3.0 11.0 1.0 
8.0 0.0 3.0 2.0 18.0 0.0 1.0 18.0 1.0 1.0 5.0 3.0 12.0 0.0 
9.0 1.0 0.0 2.0 18.0 0.0 1.0 18.0 2.0 2.0 6.0 0.0 12.0 1.0 
9.0 3.0 0.0 3.0 19.0 1.0 2.0 20.0 4.0 1.0 7.0 1.0 0.0 2.0 
10.0 0.0 0.0 3.0 19.0 1.0 2.0 20.0 5.0 0.0 7.0 1.0 1.0 3.0 
10.0 0.0 0.0 5.0 21.0 0.0 3.0 21.0 6.0 1.0 0.0 1.0 1.0 3.0 
11.0 1.0 1.0 0.0 21.0 0.0 3.0 21.0 7.0 0.0 0.0 1.0 2.0 4.0 
12.0 0.0 1.0 0.0 0.0 0.0 3.0 43.0 7.0 0.0 0.0 2.0 0.0 4.0 
17.0 0.0 0.0 0.0 0.0 0.0 3.0 43.0 7.0 0.0 0.0 2.0 0.0 0.0 
18.0 0.0 0.0 0.0 1.0 1.0 0.0 44.0 7.0 0.0 1.0 0.0 0.0 0.0 
18.0 2.0 0.0 1.0 2.0 2.0 1.0 45.0 0.0 0.0 1.0 0.0 0.0 0.0 
