1.0 7.0 7.0 0.0 7.0 7.0 7.0 1.0 7.0 7.0 0.0 7.0 7.0 7.0 
1.0 7.0 9.0 0.0 8.0 8.0 8.0 2.0 8.0 0.0 0.0 7.0 7.0 7.0 
2.0 9.0 11.0 2.0 10.0 0.0 9.0 3.0 0.0 0.0 1.0 8.0 8.0 9.0 
3.0 0.0 11.0 2.0 11.0 2.0 11.0 4.0 2.0 2.0 3.0 10.0 10.0 1.0 
4.0 1.0 12.0 3.0 12.0 3.0 0.0 4.0 2.0 3.0 4.0 11.0 12.0 1.0 
5.0 2.0 0.0 4.0 13.0 4.0 1.0 4.0 3.0 4.0 5.0 12.0 14.0 1.0 
6.0 0.0 0.0 4.0 13.0 4.0 1.0 4.0 3.0 4.0 5.0 12.0 15.0 1.0 
14.0 1.0 1.0 5.0 0.0 6.0 3.0 5.0 5.0 1.0 0.0 13.0 16.0 2.0 
15.0 2.0 2.0 0.0 0.0 6.0 3.0 5.0 6.0 0.0 0.0 13.0 17.0 3.0 
15.0 2.0 3.0 2.0 0.0 7.0 4.0 6.0 0.0 0.0 0.0 13.0 17.0 3.0 
16.0 3.0 4.0 3.0 1.0 0.0 4.0 7.0 0.0 0.0 0.0 14.0 19.0 1.0 
17.0 4.0 5.0 0.0 1.0 0.0 4.0 7.0 0.0 0.0 0.0 14.0 20.0 0.0 
18.0 5.0 0.0 0.0 1.0 0.0 4.0 7.0 0.0 0.0 0.0 15.0 21.0 1.0 
19.0 7.0 2.0 2.0 4.0 3.0 0.0 9.0 2.0 2.0 2.0 17.0 1.0 2.0 
20.0 8.0 3.0 3.0 0.0 3.0 0.0 9.0 2.0 2.0 2.0 17.0 1.0 2.0 
25.0 0.0 3.0 3.0 0.0 3.0 0.0 9.0 0.0 3.0 3.0 18.0 2.0 3.0 
25.0 0.0 4.0 4.0 1.0 0.0 0.0 9.0 0.0 3.0 4.0 19.0 0.0 3.0 
26.0 1.0 5.0 0.0 1.0 0.0 1.0 10.0 1.0 4.0 0.0 19.0 0.0 4.0 
46.0 1.0 5.0 0.0 0.0 1.0 2.0 12.0 1.0 0.0 0.0 0.0 0.0 4.0 
48.0 1.0 5.0 0.0 0.0 1.0 0.0 15.0 0.0 0.0 0.0 1.0 1.0 0.0 
49.0 2.0 0.0 0.0 0.0 1.0 0.0 16.0 0.0 0.0 0.0 1.0 2.0 1.0 
50.0 2.0 0.0 0.0 0.0 0.0 0.0 16.0 0.0 0.0 0.0 1.0 3.0 0.0 
51.0 0.0 0.0 0.0 0.0 0.0 0.0 21.0 0.0 0.0 0.0 0.0 0.0 0.0 
