1.0 7.0 7.0 7.0 0.0 6.0 6.0 0.0 6.0 6.0 6.0 6.0 7.0 7.0 
2.0 8.0 0.0 8.0 1.0 7.0 7.0 1.0 7.0 1.0 7.0 7.0 8.0 8.0 
2.0 8.0 0.0 9.0 0.0 7.0 7.0 1.0 8.0 0.0 7.0 7.0 8.0 8.0 
3.0 9.0 1.0 0.0 1.0 8.0 8.0 2.0 10.0 2.0 9.0 1.0 9.0 9.0 
4.0 9.0 1.0 0.0 0.0 8.0 8.0 3.0 11.0 0.0 10.0 0.0 9.0 9.0 
5.0 10.0 2.0 1.0 2.0 10.0 0.0 4.0 12.0 1.0 11.0 2.0 11.0 1.0 
5.0 12.0 4.0 3.0 0.0 11.0 1.0 5.0 13.0 2.0 12.0 3.0 0.0 1.0 
6.0 14.0 6.0 5.0 2.0 0.0 3.0 6.0 15.0 4.0 1.0 5.0 2.0 3.0 
7.0 15.0 0.0 5.0 2.0 0.0 3.0 6.0 15.0 4.0 3.0 7.0 4.0 1.0 
7.0 17.0 2.0 7.0 0.0 2.0 5.0 9.0 1.0 6.0 1.0 8.0 5.0 2.0 
7.0 18.0 3.0 8.0 1.0 3.0 0.0 9.0 1.0 6.0 1.0 9.0 6.0 0.0 
8.0 19.0 5.0 0.0 2.0 4.0 1.0 10.0 3.0 8.0 3.0 1.0 7.0 1.0 
8.0 19.0 5.0 0.0 2.0 5.0 0.0 10.0 3.0 8.0 4.0 0.0 7.0 1.0 
9.0 20.0 6.0 1.0 3.0 0.0 0.0 10.0 3.0 8.0 4.0 0.0 8.0 0.0 
9.0 21.0 7.0 2.0 0.0 0.0 0.0 10.0 3.0 8.0 4.0 0.0 8.0 0.0 
19.0 21.0 7.0 2.0 0.0 0.0 0.0 11.0 4.0 0.0 0.0 0.0 8.0 0.0 
19.0 21.0 7.0 2.0 1.0 2.0 0.0 12.0 5.0 1.0 1.0 1.0 0.0 0.0 
21.0 1.0 8.0 3.0 2.0 3.0 2.0 12.0 7.0 4.0 2.0 3.0 2.0 2.0 
22.0 3.0 10.0 0.0 3.0 4.0 3.0 13.0 0.0 4.0 2.0 3.0 2.0 3.0 
27.0 3.0 10.0 0.0 4.0 5.0 0.0 13.0 0.0 4.0 3.0 0.0 3.0 0.0 
27.0 3.0 10.0 0.0 4.0 7.0 0.0 14.0 1.0 0.0 3.0 0.0 3.0 0.0 
28.0 0.0 10.0 0.0 4.0 0.0 0.0 22.0 1.0 0.0 4.0 1.0 1.0 1.0 
32.0 1.0 0.0 0.0 4.0 0.0 2.0 23.0 3.0 0.0 1.0 2.0 2.0 2.0 
33.0 0.0 0.0 0.0 4.0 0.0 2.0 24.0 3.0 0.0 0.0 2.0 2.0 2.0 
34.0 1.0 1.0 1.0 0.0 0.0 2.0 24.0 3.0 0.0 0.0 2.0 2.0 2.0 
35.0 0.0 1.0 1.0 0.0 0.0 2.0 24.0 3.0 0.0 0.0 2.0 2.0 2.0 
35.0 0.0 2.0 0.0 0.0 0.0 2.0 24.0 3.0 0.0 0.0 2.0 2.0 2.0 
36.0 0.0 2.0 0.0 0.0 0.0 3.0 25.0 0.0 0.0 0.0 2.0 2.0 2.0 
37.0 0.0 2.0 0.0 1.0 1.0 0.0 26.0 0.0 0.0 1.0 0.0 2.0 2.0 
38.0 1.0 0.0 0.0 1.0 0.0 0.0 28.0 0.0 0.0 0.0 0.0 2.0 2.0 
39.0 1.0 0.0 0.0 0.0 0.0 0.0 28.0 0.0 0.0 0.0 0.0 2.0 2.0 
40.0 0.0 0.0 0.0 0.0 0.0 0.0 32.0 0.0 0.0 0.0 0.0 0.0 0.0 
