1.0 8.0 0.0 7.0 7.0 7.0 7.0 2.0 0.0 8.0 8.0 8.0 8.0 1.0 
2.0 10.0 2.0 0.0 8.0 8.0 8.0 3.0 1.0 1.0 9.0 9.0 9.0 2.0 
3.0 0.0 2.0 1.0 10.0 10.0 10.0 4.0 3.0 3.0 11.0 11.0 1.0 3.0 
4.0 1.0 3.0 2.0 0.0 11.0 11.0 5.0 1.0 4.0 12.0 12.0 2.0 4.0 
5.0 2.0 4.0 3.0 1.0 0.0 11.0 5.0 2.0 6.0 14.0 14.0 4.0 1.0 
6.0 3.0 5.0 0.0 1.0 0.0 11.0 5.0 2.0 6.0 14.0 14.0 5.0 0.0 
21.0 3.0 5.0 0.0 0.0 0.0 11.0 5.0 2.0 6.0 14.0 0.0 5.0 0.0 
22.0 0.0 5.0 1.0 1.0 1.0 12.0 6.0 3.0 0.0 14.0 0.0 6.0 1.0 
23.0 1.0 0.0 1.0 1.0 1.0 12.0 6.0 3.0 0.0 14.0 1.0 8.0 1.0 
23.0 3.0 0.0 2.0 2.0 2.0 13.0 7.0 4.0 2.0 1.0 2.0 9.0 2.0 
24.0 0.0 0.0 2.0 2.0 2.0 13.0 8.0 5.0 0.0 1.0 3.0 11.0 1.0 
36.0 0.0 0.0 3.0 0.0 2.0 13.0 8.0 6.0 1.0 2.0 0.0 0.0 1.0 
38.0 0.0 0.0 4.0 1.0 3.0 14.0 9.0 0.0 1.0 2.0 0.0 0.0 0.0 
39.0 0.0 0.0 5.0 2.0 0.0 0.0 24.0 0.0 0.0 2.0 0.0 0.0 0.0 
40.0 1.0 1.0 0.0 2.0 0.0 0.0 25.0 0.0 1.0 0.0 0.0 1.0 1.0 
40.0 1.0 2.0 1.0 0.0 0.0 0.0 25.0 0.0 1.0 0.0 0.0 2.0 0.0 
40.0 1.0 3.0 0.0 0.0 0.0 0.0 26.0 0.0 0.0 0.0 0.0 2.0 0.0 
41.0 0.0 3.0 0.0 0.0 0.0 0.0 27.0 0.0 0.0 0.0 1.0 0.0 0.0 
42.0 1.0 0.0 0.0 0.0 0.0 0.0 27.0 0.0 0.0 0.0 1.0 0.0 1.0 
43.0 0.0 0.0 0.0 0.0 0.0 0.0 29.0 0.0 0.0 0.0 0.0 0.0 0.0 
