1.0 7.0 0.0 7.0 7.0 7.0 7.0 1.0 7.0 0.0 7.0 7.0 7.0 7.0 
2.0 0.0 0.0 7.0 7.0 7.0 8.0 2.0 9.0 2.0 9.0 9.0 9.0 1.0 
3.0 1.0 1.0 8.0 8.0 8.0 0.0 2.0 9.0 2.0 9.0 9.0 11.0 1.0 
4.0 2.0 3.0 0.0 9.0 9.0 1.0 3.0 11.0 4.0 11.0 1.0 12.0 2.0 
4.0 2.0 3.0 0.0 9.0 10.0 0.0 3.0 11.0 4.0 11.0 2.0 13.0 0.0 
5.0 3.0 4.0 1.0 10.0 0.0 0.0 3.0 11.0 6.0 13.0 1.0 14.0 1.0 
5.0 4.0 5.0 2.0 11.0 2.0 0.0 4.0 0.0 6.0 14.0 2.0 15.0 2.0 
5.0 5.0 6.0 0.0 11.0 2.0 0.0 4.0 0.0 7.0 15.0 0.0 15.0 2.0 
5.0 6.0 8.0 0.0 12.0 3.0 1.0 5.0 1.0 8.0 17.0 2.0 1.0 3.0 
5.0 7.0 10.0 0.0 13.0 4.0 3.0 7.0 3.0 10.0 1.0 3.0 2.0 4.0 
5.0 8.0 12.0 0.0 14.0 5.0 4.0 8.0 4.0 0.0 1.0 3.0 3.0 5.0 
6.0 0.0 12.0 0.0 14.0 0.0 5.0 14.0 5.0 1.0 1.0 4.0 4.0 6.0 
7.0 0.0 13.0 1.0 15.0 1.0 0.0 15.0 7.0 3.0 0.0 5.0 5.0 0.0 
7.0 2.0 15.0 0.0 16.0 2.0 1.0 16.0 0.0 3.0 0.0 5.0 5.0 0.0 
8.0 4.0 17.0 2.0 1.0 3.0 3.0 17.0 2.0 5.0 2.0 1.0 6.0 1.0 
8.0 4.0 17.0 3.0 0.0 3.0 4.0 18.0 3.0 6.0 3.0 2.0 0.0 1.0 
8.0 4.0 18.0 4.0 1.0 0.0 4.0 18.0 3.0 7.0 4.0 0.0 0.0 1.0 
10.0 6.0 1.0 5.0 2.0 1.0 6.0 19.0 5.0 9.0 1.0 2.0 2.0 3.0 
10.0 6.0 2.0 6.0 0.0 1.0 6.0 19.0 5.0 9.0 2.0 3.0 3.0 0.0 
11.0 1.0 4.0 8.0 2.0 3.0 0.0 28.0 6.0 0.0 2.0 3.0 3.0 1.0 
12.0 2.0 0.0 8.0 2.0 3.0 0.0 28.0 7.0 1.0 0.0 3.0 4.0 2.0 
12.0 4.0 0.0 9.0 3.0 4.0 1.0 29.0 0.0 1.0 0.0 3.0 4.0 2.0 
12.0 5.0 1.0 10.0 4.0 0.0 0.0 31.0 0.0 2.0 1.0 4.0 0.0 2.0 
12.0 6.0 0.0 10.0 4.0 0.0 0.0 34.0 2.0 2.0 0.0 0.0 0.0 2.0 
13.0 0.0 0.0 0.0 4.0 0.0 0.0 46.0 3.0 1.0 1.0 1.0 2.0 1.0 
14.0 1.0 1.0 1.0 0.0 0.0 0.0 46.0 3.0 1.0 2.0 0.0 2.0 1.0 
15.0 0.0 1.0 1.0 0.0 0.0 0.0 46.0 3.0 1.0 2.0 0.0 2.0 1.0 
15.0 0.0 2.0 0.0 0.0 0.0 0.0 46.0 3.0 1.0 2.0 0.0 2.0 1.0 
16.0 1.0 0.0 0.0 0.0 0.0 0.0 46.0 4.0 0.0 2.0 0.0 2.0 1.0 
17.0 0.0 0.0 0.0 0.0 0.0 0.0 55.0 0.0 0.0 0.0 0.0 0.0 0.0 
