1.0 7.0 8.0 8.0 0.0 7.0 7.0 1.0 0.0 6.0 6.0 7.0 7.0 7.0 
2.0 8.0 9.0 9.0 1.0 8.0 0.0 2.0 1.0 7.0 7.0 8.0 9.0 1.0 
2.0 8.0 10.0 11.0 0.0 9.0 1.0 3.0 2.0 8.0 0.0 8.0 9.0 1.0 
3.0 9.0 11.0 0.0 0.0 10.0 2.0 3.0 3.0 9.0 1.0 9.0 11.0 1.0 
6.0 10.0 0.0 0.0 0.0 11.0 3.0 3.0 4.0 11.0 0.0 10.0 12.0 2.0 
7.0 12.0 2.0 2.0 2.0 0.0 5.0 4.0 6.0 13.0 2.0 12.0 1.0 4.0 
7.0 12.0 3.0 3.0 4.0 0.0 6.0 5.0 0.0 13.0 2.0 12.0 1.0 4.0 
8.0 14.0 5.0 0.0 5.0 0.0 7.0 8.0 1.0 0.0 3.0 13.0 2.0 6.0 
9.0 15.0 0.0 0.0 0.0 0.0 7.0 15.0 2.0 1.0 0.0 15.0 1.0 7.0 
11.0 1.0 1.0 1.0 1.0 1.0 9.0 16.0 1.0 2.0 1.0 16.0 2.0 9.0 
12.0 2.0 2.0 2.0 2.0 2.0 0.0 16.0 1.0 2.0 2.0 18.0 1.0 10.0 
13.0 3.0 0.0 2.0 2.0 2.0 0.0 16.0 1.0 2.0 2.0 19.0 0.0 10.0 
13.0 3.0 0.0 3.0 3.0 0.0 0.0 16.0 1.0 2.0 2.0 19.0 0.0 10.0 
13.0 4.0 1.0 4.0 0.0 0.0 0.0 16.0 2.0 3.0 0.0 19.0 0.0 10.0 
14.0 0.0 1.0 4.0 0.0 0.0 1.0 17.0 0.0 3.0 0.0 20.0 1.0 11.0 
15.0 1.0 2.0 0.0 0.0 0.0 2.0 18.0 1.0 0.0 0.0 20.0 1.0 12.0 
15.0 2.0 4.0 2.0 0.0 2.0 4.0 20.0 3.0 2.0 2.0 1.0 2.0 13.0 
16.0 3.0 0.0 2.0 0.0 3.0 5.0 21.0 0.0 2.0 2.0 1.0 3.0 14.0 
17.0 0.0 0.0 2.0 0.0 3.0 5.0 21.0 0.0 2.0 3.0 0.0 4.0 15.0 
18.0 1.0 1.0 3.0 1.0 4.0 0.0 24.0 1.0 0.0 0.0 0.0 4.0 15.0 
19.0 0.0 1.0 3.0 1.0 4.0 0.0 24.0 1.0 0.0 0.0 0.0 4.0 15.0 
35.0 0.0 0.0 3.0 1.0 4.0 0.0 24.0 1.0 0.0 0.0 0.0 4.0 0.0 
36.0 0.0 1.0 4.0 2.0 0.0 0.0 26.0 0.0 1.0 1.0 1.0 0.0 0.0 
37.0 1.0 2.0 0.0 2.0 0.0 0.0 27.0 0.0 0.0 1.0 1.0 0.0 1.0 
38.0 2.0 0.0 0.0 2.0 0.0 0.0 28.0 0.0 0.0 0.0 1.0 0.0 1.0 
39.0 0.0 0.0 0.0 2.0 0.0 0.0 28.0 0.0 0.0 0.0 1.0 0.0 2.0 
41.0 0.0 0.0 1.0 0.0 0.0 0.0 28.0 0.0 0.0 0.0 2.0 0.0 0.0 
42.0 0.0 0.0 0.0 0.0 0.0 0.0 30.0 0.0 0.0 0.0 0.0 0.0 0.0 
