1.0 7.0 7.0 7.0 7.0 7.0 0.0 0.0 6.0 6.0 6.0 6.0 6.0 6.0 
2.0 8.0 8.0 0.0 7.0 7.0 0.0 0.0 6.0 6.0 7.0 7.0 7.0 7.0 
3.0 0.0 8.0 0.0 7.0 7.0 2.0 1.0 8.0 8.0 9.0 9.0 9.0 1.0 
4.0 2.0 10.0 2.0 0.0 8.0 3.0 2.0 9.0 0.0 10.0 10.0 10.0 2.0 
5.0 0.0 11.0 3.0 1.0 9.0 4.0 3.0 10.0 1.0 11.0 11.0 0.0 3.0 
6.0 0.0 0.0 4.0 2.0 10.0 5.0 17.0 11.0 2.0 0.0 11.0 0.0 4.0 
7.0 1.0 1.0 0.0 2.0 10.0 5.0 17.0 11.0 2.0 0.0 11.0 0.0 5.0 
8.0 3.0 0.0 1.0 3.0 0.0 6.0 31.0 0.0 0.0 1.0 12.0 1.0 6.0 
10.0 3.0 0.0 0.0 3.0 0.0 6.0 31.0 0.0 0.0 1.0 12.0 0.0 6.0 
10.0 4.0 1.0 1.0 0.0 0.0 0.0 40.0 0.0 0.0 2.0 13.0 1.0 0.0 
11.0 0.0 2.0 0.0 1.0 1.0 1.0 44.0 1.0 1.0 4.0 1.0 3.0 2.0 
11.0 0.0 2.0 0.0 2.0 0.0 1.0 44.0 1.0 1.0 5.0 0.0 3.0 2.0 
13.0 0.0 2.0 0.0 2.0 0.0 0.0 45.0 1.0 0.0 5.0 0.0 4.0 0.0 
13.0 0.0 3.0 1.0 0.0 0.0 0.0 47.0 0.0 1.0 6.0 1.0 0.0 0.0 
13.0 0.0 4.0 0.0 0.0 0.0 0.0 47.0 0.0 1.0 7.0 0.0 0.0 0.0 
14.0 1.0 0.0 0.0 0.0 0.0 0.0 48.0 0.0 0.0 7.0 0.0 1.0 1.0 
15.0 0.0 0.0 0.0 0.0 0.0 0.0 57.0 0.0 0.0 0.0 0.0 0.0 0.0 
