1.0 7.0 7.0 7.0 0.0 6.0 6.0 0.0 6.0 6.0 6.0 6.0 7.0 7.0 
2.0 0.0 7.0 8.0 1.0 7.0 7.0 1.0 8.0 1.0 7.0 7.0 8.0 8.0 
3.0 1.0 8.0 9.0 3.0 9.0 0.0 2.0 9.0 2.0 8.0 8.0 1.0 9.0 
4.0 2.0 10.0 11.0 0.0 10.0 1.0 3.0 10.0 3.0 0.0 8.0 1.0 9.0 
5.0 0.0 10.0 11.0 0.0 10.0 1.0 3.0 10.0 3.0 0.0 8.0 1.0 10.0 
6.0 2.0 12.0 0.0 2.0 12.0 3.0 4.0 1.0 4.0 1.0 10.0 3.0 12.0 
6.0 2.0 13.0 1.0 0.0 13.0 4.0 6.0 1.0 0.0 1.0 10.0 3.0 12.0 
7.0 0.0 13.0 1.0 0.0 0.0 4.0 20.0 1.0 0.0 2.0 11.0 0.0 13.0 
10.0 1.0 0.0 2.0 1.0 1.0 1.0 26.0 1.0 2.0 1.0 12.0 0.0 14.0 
11.0 0.0 0.0 2.0 1.0 0.0 1.0 30.0 1.0 0.0 0.0 12.0 0.0 14.0 
26.0 0.0 1.0 0.0 1.0 0.0 1.0 30.0 1.0 0.0 0.0 12.0 0.0 0.0 
27.0 1.0 0.0 2.0 0.0 1.0 2.0 35.0 1.0 1.0 1.0 0.0 0.0 1.0 
28.0 1.0 0.0 2.0 0.0 0.0 2.0 36.0 0.0 2.0 0.0 0.0 0.0 1.0 
28.0 2.0 1.0 0.0 0.0 0.0 2.0 37.0 0.0 2.0 0.0 0.0 0.0 0.0 
