1.0 7.0 7.0 7.0 0.0 6.0 6.0 0.0 6.0 6.0 6.0 6.0 7.0 7.0 
2.0 8.0 8.0 8.0 2.0 0.0 7.0 1.0 7.0 7.0 0.0 6.0 8.0 8.0 
3.0 9.0 10.0 0.0 3.0 1.0 8.0 2.0 9.0 1.0 1.0 7.0 9.0 9.0 
3.0 10.0 12.0 0.0 4.0 2.0 9.0 3.0 0.0 1.0 1.0 7.0 10.0 10.0 
4.0 11.0 14.0 2.0 6.0 4.0 0.0 4.0 1.0 2.0 3.0 9.0 1.0 11.0 
5.0 0.0 14.0 3.0 7.0 5.0 1.0 4.0 2.0 3.0 4.0 11.0 1.0 12.0 
6.0 1.0 15.0 0.0 7.0 5.0 2.0 5.0 3.0 4.0 0.0 11.0 1.0 12.0 
7.0 0.0 15.0 0.0 7.0 5.0 2.0 5.0 3.0 4.0 0.0 11.0 1.0 12.0 
7.0 0.0 15.0 0.0 8.0 6.0 0.0 5.0 3.0 4.0 0.0 11.0 1.0 12.0 
9.0 2.0 1.0 1.0 9.0 8.0 2.0 6.0 5.0 1.0 1.0 12.0 2.0 13.0 
10.0 0.0 1.0 1.0 9.0 8.0 2.0 6.0 5.0 1.0 1.0 12.0 2.0 14.0 
11.0 1.0 2.0 2.0 0.0 8.0 2.0 6.0 5.0 3.0 1.0 13.0 3.0 15.0 
12.0 2.0 0.0 2.0 0.0 8.0 2.0 6.0 5.0 4.0 0.0 13.0 3.0 15.0 
13.0 2.0 0.0 2.0 0.0 9.0 0.0 6.0 5.0 4.0 0.0 13.0 3.0 15.0 
13.0 2.0 0.0 3.0 1.0 11.0 0.0 7.0 0.0 4.0 0.0 13.0 3.0 15.0 
13.0 4.0 0.0 0.0 2.0 12.0 1.0 13.0 1.0 5.0 1.0 0.0 4.0 16.0 
18.0 4.0 0.0 1.0 0.0 12.0 1.0 14.0 0.0 6.0 0.0 0.0 0.0 16.0 
18.0 5.0 1.0 3.0 0.0 13.0 2.0 15.0 1.0 7.0 2.0 2.0 2.0 1.0 
18.0 6.0 0.0 3.0 0.0 13.0 0.0 19.0 0.0 8.0 0.0 2.0 2.0 1.0 
29.0 7.0 1.0 4.0 1.0 0.0 1.0 20.0 1.0 0.0 1.0 4.0 1.0 2.0 
30.0 8.0 2.0 0.0 1.0 0.0 1.0 22.0 0.0 0.0 0.0 4.0 1.0 3.0 
33.0 0.0 2.0 0.0 1.0 0.0 0.0 26.0 0.0 1.0 2.0 1.0 2.0 4.0 
36.0 0.0 2.0 0.0 0.0 0.0 0.0 26.0 0.0 1.0 3.0 0.0 0.0 4.0 
37.0 1.0 0.0 0.0 0.0 0.0 0.0 27.0 0.0 0.0 3.0 0.0 0.0 4.0 
38.0 0.0 0.0 0.0 0.0 0.0 0.0 34.0 0.0 0.0 0.0 0.0 0.0 0.0 
