1.0 7.0 7.0 8.0 8.0 0.0 7.0 1.0 7.0 0.0 6.0 6.0 7.0 7.0 
2.0 9.0 9.0 10.0 0.0 1.0 8.0 2.0 0.0 1.0 7.0 7.0 8.0 8.0 
3.0 10.0 0.0 10.0 0.0 2.0 10.0 3.0 2.0 3.0 9.0 9.0 10.0 1.0 
4.0 11.0 2.0 0.0 1.0 4.0 12.0 4.0 4.0 5.0 11.0 11.0 1.0 2.0 
5.0 12.0 3.0 1.0 3.0 0.0 13.0 5.0 5.0 0.0 11.0 11.0 1.0 2.0 
13.0 13.0 4.0 2.0 4.0 1.0 0.0 5.0 0.0 1.0 12.0 12.0 2.0 3.0 
15.0 1.0 6.0 4.0 6.0 3.0 2.0 6.0 2.0 3.0 1.0 14.0 4.0 5.0 
16.0 2.0 0.0 4.0 6.0 3.0 2.0 6.0 2.0 3.0 2.0 15.0 5.0 6.0 
17.0 0.0 1.0 5.0 7.0 4.0 3.0 8.0 5.0 6.0 5.0 1.0 2.0 8.0 
18.0 1.0 2.0 0.0 8.0 5.0 4.0 9.0 0.0 6.0 5.0 2.0 3.0 9.0 
19.0 2.0 3.0 1.0 9.0 0.0 5.0 10.0 1.0 7.0 0.0 2.0 3.0 10.0 
20.0 0.0 4.0 2.0 10.0 1.0 6.0 11.0 2.0 0.0 0.0 2.0 3.0 11.0 
21.0 1.0 0.0 2.0 10.0 0.0 6.0 13.0 2.0 0.0 1.0 0.0 4.0 12.0 
22.0 0.0 0.0 2.0 10.0 0.0 6.0 13.0 3.0 1.0 2.0 1.0 0.0 12.0 
35.0 0.0 1.0 0.0 10.0 0.0 6.0 13.0 3.0 1.0 2.0 1.0 0.0 0.0 
36.0 0.0 0.0 0.0 10.0 0.0 6.0 13.0 4.0 0.0 2.0 1.0 0.0 0.0 
37.0 1.0 1.0 1.0 0.0 0.0 6.0 13.0 5.0 1.0 4.0 1.0 1.0 1.0 
38.0 0.0 1.0 1.0 0.0 0.0 6.0 13.0 5.0 1.0 4.0 1.0 2.0 0.0 
39.0 0.0 0.0 1.0 0.0 0.0 6.0 13.0 5.0 1.0 4.0 1.0 2.0 0.0 
42.0 0.0 0.0 0.0 0.0 0.0 6.0 13.0 6.0 0.0 4.0 1.0 0.0 0.0 
43.0 1.0 1.0 1.0 1.0 1.0 0.0 14.0 7.0 1.0 0.0 1.0 0.0 1.0 
43.0 2.0 0.0 1.0 1.0 1.0 0.0 14.0 8.0 0.0 0.0 1.0 0.0 1.0 
44.0 2.0 0.0 1.0 0.0 0.0 0.0 16.0 8.0 0.0 0.0 0.0 0.0 1.0 
45.0 0.0 0.0 1.0 0.0 0.0 0.0 17.0 8.0 0.0 0.0 0.0 0.0 1.0 
45.0 2.0 2.0 0.0 1.0 1.0 1.0 18.0 0.0 0.0 0.0 0.0 0.0 2.0 
46.0 0.0 2.0 0.0 1.0 1.0 1.0 19.0 0.0 0.0 0.0 0.0 1.0 1.0 
47.0 0.0 2.0 0.0 0.0 1.0 1.0 20.0 0.0 0.0 0.0 0.0 0.0 1.0 
