1.0 7.0 7.0 7.0 7.0 7.0 0.0 0.0 6.0 6.0 6.0 6.0 6.0 6.0 
2.0 8.0 8.0 0.0 7.0 7.0 0.0 0.0 6.0 6.0 7.0 7.0 7.0 7.0 
3.0 9.0 9.0 1.0 9.0 0.0 1.0 1.0 7.0 7.0 8.0 1.0 8.0 8.0 
4.0 10.0 0.0 1.0 10.0 1.0 3.0 2.0 9.0 9.0 10.0 3.0 1.0 9.0 
4.0 11.0 2.0 3.0 12.0 3.0 0.0 3.0 0.0 9.0 10.0 3.0 2.0 10.0 
18.0 12.0 3.0 5.0 0.0 5.0 2.0 4.0 2.0 11.0 0.0 5.0 4.0 1.0 
19.0 14.0 0.0 6.0 1.0 6.0 3.0 5.0 3.0 0.0 0.0 6.0 6.0 3.0 
26.0 14.0 0.0 7.0 2.0 8.0 0.0 6.0 0.0 0.0 0.0 6.0 0.0 3.0 
28.0 1.0 1.0 8.0 1.0 9.0 1.0 9.0 1.0 1.0 1.0 8.0 2.0 1.0 
28.0 2.0 0.0 8.0 1.0 9.0 1.0 9.0 1.0 1.0 1.0 8.0 2.0 1.0 
29.0 3.0 1.0 0.0 1.0 9.0 1.0 10.0 0.0 3.0 1.0 9.0 3.0 2.0 
30.0 4.0 2.0 1.0 2.0 0.0 1.0 10.0 0.0 4.0 1.0 10.0 4.0 3.0 
30.0 4.0 3.0 2.0 0.0 0.0 1.0 10.0 0.0 4.0 2.0 11.0 5.0 0.0 
31.0 0.0 3.0 2.0 0.0 1.0 2.0 11.0 1.0 0.0 2.0 12.0 6.0 1.0 
32.0 1.0 0.0 2.0 0.0 1.0 2.0 11.0 1.0 0.0 2.0 12.0 7.0 1.0 
33.0 0.0 0.0 2.0 0.0 1.0 2.0 11.0 1.0 0.0 2.0 12.0 8.0 0.0 
36.0 0.0 0.0 2.0 0.0 0.0 2.0 11.0 1.0 0.0 0.0 12.0 8.0 0.0 
37.0 0.0 1.0 0.0 1.0 1.0 3.0 13.0 1.0 1.0 1.0 13.0 0.0 0.0 
37.0 1.0 3.0 1.0 0.0 2.0 4.0 16.0 2.0 2.0 2.0 0.0 1.0 1.0 
37.0 1.0 3.0 2.0 1.0 0.0 5.0 17.0 0.0 2.0 2.0 0.0 1.0 1.0 
37.0 1.0 3.0 3.0 0.0 0.0 5.0 18.0 2.0 1.0 0.0 0.0 1.0 1.0 
38.0 2.0 4.0 0.0 0.0 0.0 6.0 19.0 0.0 1.0 0.0 0.0 1.0 1.0 
39.0 0.0 4.0 0.0 0.0 0.0 6.0 19.0 0.0 1.0 0.0 0.0 1.0 2.0 
40.0 1.0 0.0 0.0 0.0 0.0 0.0 26.0 0.0 0.0 0.0 0.0 2.0 3.0 
41.0 0.0 0.0 0.0 0.0 0.0 0.0 31.0 0.0 0.0 0.0 0.0 0.0 0.0 
