1.0 7.0 7.0 7.0 0.0 6.0 6.0 0.0 6.0 6.0 6.0 6.0 7.0 7.0 
1.0 7.0 7.0 9.0 0.0 7.0 7.0 1.0 7.0 0.0 6.0 6.0 7.0 7.0 
1.0 7.0 7.0 10.0 0.0 8.0 8.0 2.0 8.0 1.0 0.0 6.0 7.0 7.0 
2.0 8.0 8.0 11.0 1.0 0.0 8.0 2.0 9.0 0.0 0.0 7.0 8.0 8.0 
3.0 0.0 8.0 11.0 2.0 1.0 10.0 3.0 11.0 2.0 2.0 1.0 9.0 9.0 
13.0 0.0 9.0 13.0 0.0 2.0 11.0 5.0 13.0 1.0 3.0 2.0 0.0 0.0 
18.0 1.0 10.0 0.0 1.0 3.0 12.0 5.0 15.0 1.0 4.0 0.0 1.0 1.0 
19.0 0.0 10.0 0.0 1.0 3.0 13.0 6.0 16.0 2.0 0.0 0.0 1.0 1.0 
38.0 1.0 11.0 1.0 2.0 4.0 0.0 6.0 0.0 3.0 1.0 1.0 2.0 2.0 
39.0 2.0 0.0 1.0 3.0 5.0 2.0 7.0 2.0 1.0 2.0 2.0 3.0 3.0 
40.0 3.0 1.0 2.0 4.0 0.0 2.0 7.0 2.0 2.0 3.0 0.0 3.0 3.0 
40.0 4.0 2.0 0.0 4.0 0.0 2.0 7.0 2.0 2.0 3.0 0.0 3.0 3.0 
41.0 5.0 3.0 1.0 0.0 1.0 3.0 9.0 0.0 0.0 3.0 0.0 3.0 3.0 
45.0 5.0 3.0 1.0 0.0 0.0 3.0 9.0 0.0 0.0 0.0 0.0 3.0 3.0 
46.0 0.0 3.0 1.0 0.0 0.0 3.0 10.0 0.0 0.0 1.0 2.0 5.0 1.0 
46.0 0.0 4.0 0.0 0.0 0.0 3.0 11.0 0.0 0.0 0.0 2.0 5.0 1.0 
47.0 0.0 4.0 0.0 1.0 1.0 0.0 12.0 0.0 0.0 1.0 0.0 5.0 1.0 
48.0 1.0 0.0 0.0 1.0 1.0 0.0 13.0 2.0 2.0 0.0 1.0 1.0 2.0 
49.0 1.0 0.0 0.0 0.0 0.0 0.0 15.0 2.0 2.0 0.0 0.0 1.0 2.0 
50.0 0.0 0.0 0.0 0.0 0.0 0.0 22.0 0.0 0.0 0.0 0.0 0.0 0.0 
