1.0 7.0 7.0 7.0 0.0 6.0 6.0 0.0 6.0 6.0 6.0 6.0 7.0 7.0 
2.0 8.0 8.0 8.0 2.0 0.0 7.0 1.0 7.0 7.0 0.0 6.0 8.0 8.0 
3.0 9.0 10.0 10.0 4.0 2.0 0.0 2.0 8.0 0.0 0.0 6.0 9.0 9.0 
4.0 10.0 0.0 11.0 5.0 4.0 2.0 3.0 10.0 2.0 2.0 8.0 1.0 10.0 
5.0 11.0 1.0 13.0 7.0 0.0 3.0 4.0 11.0 3.0 3.0 0.0 1.0 10.0 
8.0 12.0 2.0 0.0 8.0 1.0 4.0 4.0 12.0 4.0 4.0 0.0 2.0 11.0 
9.0 14.0 4.0 2.0 0.0 2.0 5.0 5.0 0.0 6.0 6.0 2.0 4.0 13.0 
10.0 15.0 0.0 2.0 0.0 2.0 0.0 11.0 0.0 7.0 7.0 3.0 1.0 14.0 
10.0 16.0 1.0 4.0 0.0 3.0 1.0 12.0 1.0 8.0 8.0 4.0 3.0 1.0 
11.0 17.0 0.0 5.0 1.0 4.0 2.0 13.0 2.0 9.0 0.0 4.0 3.0 1.0 
11.0 17.0 0.0 6.0 0.0 4.0 2.0 13.0 2.0 9.0 0.0 4.0 3.0 1.0 
11.0 18.0 1.0 7.0 1.0 0.0 2.0 13.0 2.0 10.0 1.0 5.0 0.0 1.0 
11.0 18.0 1.0 8.0 0.0 0.0 3.0 14.0 0.0 10.0 1.0 5.0 0.0 1.0 
12.0 19.0 2.0 0.0 0.0 0.0 4.0 15.0 1.0 12.0 3.0 1.0 1.0 2.0 
12.0 21.0 4.0 2.0 2.0 2.0 0.0 16.0 2.0 0.0 4.0 2.0 2.0 3.0 
12.0 21.0 4.0 3.0 3.0 0.0 1.0 17.0 3.0 1.0 0.0 2.0 2.0 3.0 
14.0 1.0 5.0 4.0 1.0 1.0 3.0 21.0 5.0 3.0 2.0 5.0 5.0 2.0 
14.0 1.0 7.0 6.0 3.0 3.0 0.0 23.0 0.0 4.0 3.0 6.0 0.0 2.0 
14.0 2.0 8.0 7.0 4.0 0.0 1.0 24.0 1.0 5.0 4.0 0.0 0.0 2.0 
14.0 2.0 8.0 7.0 5.0 1.0 0.0 26.0 1.0 6.0 0.0 0.0 0.0 2.0 
14.0 2.0 8.0 9.0 7.0 0.0 1.0 28.0 1.0 0.0 0.0 0.0 0.0 2.0 
15.0 0.0 8.0 0.0 7.0 0.0 1.0 38.0 1.0 0.0 0.0 0.0 1.0 1.0 
16.0 0.0 8.0 0.0 7.0 0.0 0.0 39.0 0.0 0.0 0.0 0.0 2.0 0.0 
17.0 1.0 0.0 0.0 0.0 0.0 0.0 47.0 1.0 1.0 1.0 2.0 1.0 1.0 
18.0 0.0 0.0 0.0 0.0 0.0 0.0 54.0 0.0 0.0 0.0 0.0 0.0 0.0 
