1.0 7.0 7.0 7.0 7.0 0.0 6.0 0.0 6.0 6.0 6.0 6.0 6.0 7.0 
1.0 7.0 7.0 8.0 9.0 0.0 7.0 1.0 7.0 0.0 6.0 6.0 6.0 7.0 
2.0 9.0 9.0 10.0 0.0 1.0 8.0 2.0 1.0 1.0 7.0 7.0 7.0 8.0 
3.0 10.0 10.0 0.0 0.0 1.0 9.0 2.0 3.0 1.0 8.0 8.0 8.0 9.0 
12.0 10.0 10.0 0.0 0.0 0.0 9.0 2.0 4.0 0.0 0.0 8.0 8.0 9.0 
22.0 10.0 10.0 0.0 0.0 1.0 10.0 3.0 5.0 1.0 1.0 0.0 9.0 0.0 
24.0 10.0 10.0 0.0 0.0 0.0 10.0 3.0 6.0 0.0 0.0 0.0 9.0 0.0 
24.0 10.0 10.0 2.0 0.0 1.0 11.0 4.0 7.0 1.0 1.0 1.0 0.0 0.0 
24.0 11.0 11.0 0.0 0.0 1.0 11.0 4.0 7.0 1.0 2.0 0.0 0.0 0.0 
29.0 12.0 0.0 0.0 0.0 2.0 12.0 4.0 9.0 1.0 0.0 1.0 1.0 1.0 
32.0 0.0 0.0 1.0 1.0 3.0 13.0 4.0 10.0 2.0 1.0 3.0 0.0 2.0 
32.0 0.0 0.0 2.0 0.0 3.0 13.0 4.0 11.0 3.0 2.0 0.0 0.0 2.0 
32.0 2.0 0.0 3.0 1.0 4.0 14.0 5.0 0.0 3.0 3.0 1.0 1.0 3.0 
33.0 3.0 1.0 0.0 1.0 5.0 15.0 7.0 2.0 0.0 0.0 1.0 1.0 3.0 
34.0 0.0 1.0 0.0 1.0 5.0 15.0 7.0 2.0 0.0 0.0 1.0 2.0 4.0 
35.0 1.0 2.0 1.0 1.0 0.0 15.0 9.0 2.0 0.0 0.0 0.0 2.0 4.0 
36.0 2.0 0.0 1.0 1.0 0.0 15.0 9.0 2.0 0.0 0.0 0.0 2.0 4.0 
37.0 0.0 0.0 1.0 1.0 0.0 15.0 9.0 2.0 0.0 0.0 0.0 2.0 5.0 
38.0 1.0 1.0 2.0 2.0 2.0 1.0 11.0 3.0 1.0 1.0 2.0 1.0 6.0 
39.0 2.0 2.0 0.0 3.0 3.0 2.0 14.0 0.0 0.0 2.0 3.0 2.0 0.0 
40.0 3.0 0.0 0.0 3.0 3.0 2.0 14.0 0.0 0.0 2.0 3.0 2.0 0.0 
43.0 3.0 0.0 1.0 4.0 0.0 2.0 14.0 0.0 0.0 2.0 3.0 0.0 0.0 
44.0 0.0 0.0 1.0 4.0 0.0 0.0 17.0 0.0 1.0 3.0 0.0 1.0 1.0 
45.0 1.0 1.0 1.0 0.0 0.0 0.0 19.0 0.0 1.0 3.0 0.0 0.0 1.0 
45.0 1.0 2.0 0.0 0.0 0.0 0.0 19.0 0.0 1.0 3.0 0.0 0.0 1.0 
46.0 0.0 0.0 0.0 0.0 0.0 0.0 26.0 0.0 0.0 0.0 0.0 0.0 0.0 
