1.0 8.0 0.0 7.0 7.0 7.0 7.0 2.0 0.0 8.0 8.0 8.0 8.0 1.0 
2.0 0.0 0.0 8.0 8.0 8.0 9.0 3.0 2.0 10.0 10.0 1.0 9.0 2.0 
3.0 1.0 1.0 9.0 9.0 0.0 10.0 4.0 0.0 10.0 10.0 2.0 10.0 3.0 
4.0 0.0 2.0 10.0 10.0 1.0 11.0 5.0 1.0 11.0 0.0 2.0 10.0 5.0 
5.0 1.0 0.0 10.0 10.0 1.0 11.0 5.0 2.0 12.0 1.0 3.0 11.0 0.0 
6.0 2.0 1.0 11.0 0.0 1.0 11.0 5.0 3.0 13.0 2.0 4.0 12.0 1.0 
7.0 4.0 3.0 0.0 2.0 3.0 13.0 6.0 5.0 15.0 4.0 6.0 1.0 3.0 
7.0 4.0 4.0 0.0 3.0 4.0 14.0 7.0 0.0 15.0 4.0 6.0 1.0 3.0 
8.0 0.0 5.0 1.0 5.0 6.0 16.0 10.0 3.0 2.0 7.0 1.0 3.0 5.0 
9.0 1.0 0.0 1.0 5.0 6.0 16.0 10.0 3.0 3.0 8.0 3.0 1.0 6.0 
11.0 1.0 0.0 0.0 5.0 7.0 17.0 11.0 0.0 3.0 8.0 3.0 0.0 6.0 
12.0 2.0 1.0 1.0 0.0 7.0 0.0 29.0 0.0 4.0 9.0 0.0 0.0 7.0 
13.0 0.0 1.0 1.0 0.0 7.0 1.0 30.0 1.0 5.0 10.0 1.0 1.0 1.0 
15.0 0.0 0.0 1.0 0.0 7.0 1.0 30.0 1.0 5.0 10.0 2.0 0.0 0.0 
15.0 0.0 0.0 1.0 2.0 9.0 0.0 31.0 2.0 0.0 10.0 2.0 0.0 0.0 
16.0 1.0 1.0 2.0 3.0 0.0 1.0 32.0 0.0 0.0 11.0 3.0 1.0 1.0 
17.0 3.0 0.0 3.0 4.0 1.0 2.0 33.0 1.0 1.0 0.0 3.0 2.0 2.0 
17.0 3.0 0.0 3.0 5.0 2.0 0.0 33.0 1.0 1.0 0.0 3.0 2.0 2.0 
18.0 4.0 1.0 0.0 5.0 2.0 0.0 33.0 2.0 0.0 0.0 3.0 2.0 2.0 
22.0 4.0 1.0 0.0 6.0 0.0 0.0 33.0 2.0 0.0 0.0 0.0 2.0 2.0 
23.0 0.0 1.0 0.0 0.0 0.0 0.0 40.0 2.0 0.0 0.0 2.0 1.0 3.0 
27.0 0.0 0.0 0.0 0.0 0.0 1.0 41.0 0.0 0.0 0.0 2.0 1.0 0.0 
28.0 0.0 0.0 0.0 0.0 0.0 0.0 44.0 0.0 0.0 0.0 0.0 0.0 0.0 
