1.0 7.0 8.0 8.0 8.0 0.0 7.0 1.0 0.0 6.0 6.0 6.0 7.0 7.0 
1.0 7.0 8.0 8.0 9.0 0.0 8.0 2.0 1.0 7.0 7.0 0.0 7.0 7.0 
2.0 8.0 9.0 10.0 0.0 1.0 9.0 3.0 3.0 9.0 1.0 1.0 8.0 8.0 
5.0 8.0 9.0 10.0 0.0 0.0 9.0 3.0 3.0 9.0 0.0 0.0 8.0 8.0 
7.0 8.0 9.0 10.0 0.0 0.0 10.0 4.0 4.0 10.0 0.0 1.0 9.0 0.0 
8.0 9.0 0.0 10.0 0.0 0.0 11.0 5.0 5.0 11.0 1.0 1.0 10.0 1.0 
9.0 10.0 1.0 0.0 0.0 0.0 12.0 5.0 6.0 12.0 2.0 2.0 12.0 1.0 
10.0 0.0 2.0 2.0 2.0 2.0 14.0 6.0 8.0 1.0 4.0 4.0 14.0 3.0 
11.0 1.0 0.0 2.0 2.0 2.0 14.0 6.0 8.0 1.0 5.0 5.0 15.0 0.0 
12.0 0.0 0.0 2.0 2.0 2.0 14.0 6.0 8.0 1.0 5.0 5.0 15.0 0.0 
28.0 0.0 0.0 3.0 0.0 2.0 14.0 6.0 8.0 1.0 5.0 5.0 0.0 0.0 
29.0 1.0 1.0 0.0 0.0 2.0 15.0 7.0 9.0 2.0 6.0 0.0 0.0 0.0 
30.0 0.0 1.0 0.0 0.0 2.0 15.0 7.0 9.0 2.0 6.0 0.0 0.0 0.0 
31.0 0.0 0.0 0.0 0.0 2.0 15.0 7.0 9.0 2.0 6.0 0.0 0.0 0.0 
31.0 1.0 0.0 2.0 0.0 3.0 16.0 10.0 0.0 2.0 6.0 0.0 0.0 1.0 
31.0 1.0 0.0 3.0 0.0 4.0 17.0 11.0 1.0 3.0 0.0 0.0 0.0 1.0 
32.0 2.0 1.0 0.0 0.0 4.0 17.0 12.0 1.0 3.0 0.0 0.0 0.0 0.0 
33.0 0.0 1.0 0.0 0.0 4.0 17.0 12.0 1.0 3.0 0.0 0.0 0.0 1.0 
34.0 0.0 1.0 1.0 1.0 0.0 17.0 14.0 1.0 3.0 0.0 0.0 0.0 0.0 
34.0 0.0 2.0 0.0 1.0 0.0 18.0 16.0 1.0 0.0 0.0 0.0 0.0 0.0 
