1.0 7.0 7.0 0.0 6.0 6.0 7.0 1.0 7.0 7.0 7.0 8.0 1.0 7.0 
1.0 7.0 8.0 0.0 7.0 7.0 8.0 2.0 8.0 8.0 8.0 0.0 1.0 7.0 
2.0 9.0 0.0 1.0 8.0 8.0 10.0 3.0 1.0 9.0 9.0 1.0 2.0 9.0 
3.0 10.0 1.0 2.0 10.0 0.0 11.0 4.0 2.0 10.0 11.0 3.0 4.0 1.0 
3.0 11.0 0.0 2.0 10.0 0.0 11.0 4.0 3.0 11.0 12.0 4.0 0.0 1.0 
3.0 12.0 1.0 0.0 10.0 1.0 12.0 5.0 0.0 11.0 12.0 4.0 0.0 1.0 
4.0 14.0 3.0 2.0 0.0 2.0 14.0 6.0 2.0 13.0 1.0 6.0 2.0 3.0 
5.0 15.0 4.0 3.0 1.0 4.0 1.0 6.0 3.0 14.0 3.0 8.0 1.0 4.0 
7.0 1.0 5.0 5.0 3.0 6.0 3.0 7.0 5.0 16.0 5.0 1.0 2.0 6.0 
7.0 1.0 5.0 6.0 4.0 7.0 0.0 7.0 5.0 16.0 6.0 2.0 0.0 6.0 
8.0 3.0 7.0 8.0 6.0 0.0 2.0 9.0 7.0 1.0 7.0 4.0 2.0 8.0 
9.0 4.0 0.0 8.0 6.0 1.0 3.0 10.0 8.0 3.0 9.0 6.0 4.0 1.0 
14.0 4.0 0.0 9.0 7.0 3.0 0.0 11.0 9.0 4.0 10.0 0.0 0.0 1.0 
15.0 5.0 1.0 10.0 0.0 4.0 1.0 12.0 10.0 0.0 10.0 1.0 1.0 2.0 
16.0 6.0 2.0 0.0 0.0 4.0 2.0 12.0 11.0 1.0 12.0 1.0 2.0 3.0 
17.0 7.0 0.0 0.0 0.0 4.0 2.0 12.0 12.0 0.0 12.0 1.0 2.0 3.0 
30.0 7.0 0.0 0.0 0.0 5.0 0.0 12.0 12.0 0.0 0.0 1.0 2.0 3.0 
31.0 0.0 0.0 0.0 0.0 5.0 0.0 13.0 13.0 1.0 1.0 3.0 1.0 4.0 
32.0 1.0 1.0 1.0 1.0 0.0 0.0 13.0 14.0 0.0 1.0 3.0 1.0 4.0 
33.0 0.0 1.0 1.0 1.0 0.0 0.0 13.0 14.0 0.0 1.0 3.0 1.0 4.0 
33.0 0.0 1.0 2.0 0.0 0.0 0.0 13.0 14.0 0.0 1.0 3.0 1.0 4.0 
34.0 0.0 0.0 2.0 0.0 0.0 0.0 14.0 14.0 0.0 2.0 4.0 2.0 0.0 
35.0 0.0 1.0 3.0 1.0 1.0 2.0 17.0 1.0 2.0 4.0 1.0 3.0 1.0 
36.0 1.0 2.0 0.0 1.0 1.0 2.0 17.0 1.0 2.0 4.0 1.0 3.0 1.0 
38.0 1.0 2.0 0.0 0.0 1.0 2.0 17.0 1.0 2.0 4.0 0.0 3.0 1.0 
39.0 1.0 2.0 0.0 1.0 2.0 0.0 20.0 2.0 1.0 0.0 0.0 3.0 1.0 
40.0 2.0 0.0 0.0 1.0 2.0 0.0 20.0 2.0 2.0 1.0 1.0 0.0 1.0 
42.0 2.0 0.0 0.0 0.0 2.0 0.0 20.0 2.0 2.0 1.0 0.0 0.0 1.0 
43.0 2.0 0.0 1.0 1.0 0.0 1.0 22.0 0.0 0.0 1.0 0.0 0.0 1.0 
43.0 2.0 0.0 2.0 0.0 0.0 1.0 23.0 0.0 0.0 0.0 0.0 0.0 1.0 
