1.0 0.0 6.0 7.0 7.0 7.0 7.0 1.0 7.0 1.0 7.0 7.0 7.0 7.0 
2.0 1.0 7.0 9.0 9.0 9.0 0.0 2.0 8.0 2.0 0.0 7.0 8.0 8.0 
3.0 3.0 9.0 0.0 10.0 10.0 2.0 3.0 1.0 3.0 1.0 8.0 9.0 10.0 
4.0 4.0 0.0 1.0 11.0 11.0 4.0 4.0 3.0 5.0 3.0 1.0 10.0 11.0 
5.0 0.0 0.0 1.0 11.0 12.0 5.0 5.0 0.0 5.0 3.0 2.0 11.0 12.0 
6.0 1.0 1.0 2.0 0.0 14.0 7.0 6.0 2.0 1.0 4.0 3.0 12.0 13.0 
7.0 2.0 2.0 3.0 2.0 1.0 9.0 7.0 1.0 2.0 5.0 4.0 13.0 14.0 
8.0 3.0 0.0 3.0 2.0 2.0 10.0 10.0 2.0 1.0 0.0 4.0 13.0 14.0 
9.0 4.0 1.0 0.0 2.0 2.0 10.0 10.0 2.0 1.0 0.0 4.0 13.0 14.0 
10.0 0.0 1.0 0.0 2.0 2.0 10.0 10.0 2.0 1.0 0.0 5.0 14.0 15.0 
26.0 0.0 0.0 0.0 2.0 2.0 10.0 10.0 3.0 0.0 0.0 5.0 14.0 0.0 
26.0 1.0 2.0 0.0 3.0 3.0 11.0 11.0 4.0 1.0 1.0 7.0 1.0 1.0 
26.0 2.0 3.0 1.0 0.0 3.0 11.0 11.0 4.0 2.0 0.0 7.0 1.0 1.0 
27.0 3.0 0.0 2.0 1.0 4.0 12.0 13.0 0.0 0.0 0.0 7.0 1.0 2.0 
27.0 4.0 1.0 0.0 2.0 5.0 13.0 14.0 1.0 1.0 1.0 0.0 1.0 2.0 
28.0 0.0 1.0 0.0 2.0 5.0 13.0 15.0 1.0 1.0 1.0 1.0 3.0 1.0 
28.0 0.0 2.0 1.0 0.0 5.0 0.0 30.0 0.0 0.0 1.0 1.0 3.0 1.0 
28.0 0.0 3.0 0.0 0.0 0.0 0.0 36.0 0.0 0.0 2.0 2.0 0.0 1.0 
