1.0 7.0 7.0 7.0 7.0 7.0 0.0 0.0 6.0 6.0 6.0 6.0 6.0 6.0 
2.0 0.0 7.0 7.0 7.0 7.0 0.0 0.0 7.0 7.0 7.0 7.0 7.0 7.0 
2.0 0.0 7.0 7.0 7.0 9.0 0.0 1.0 8.0 8.0 8.0 8.0 0.0 7.0 
3.0 2.0 9.0 9.0 0.0 10.0 1.0 2.0 0.0 8.0 9.0 9.0 1.0 9.0 
4.0 3.0 10.0 0.0 0.0 10.0 1.0 2.0 1.0 9.0 10.0 11.0 1.0 10.0 
5.0 0.0 11.0 1.0 1.0 11.0 2.0 3.0 2.0 10.0 11.0 1.0 2.0 12.0 
6.0 1.0 0.0 1.0 2.0 12.0 3.0 3.0 3.0 11.0 13.0 3.0 1.0 13.0 
7.0 2.0 1.0 2.0 3.0 0.0 4.0 3.0 5.0 13.0 15.0 1.0 2.0 14.0 
7.0 3.0 2.0 3.0 0.0 0.0 4.0 3.0 5.0 13.0 16.0 2.0 0.0 14.0 
8.0 0.0 3.0 4.0 1.0 0.0 5.0 6.0 6.0 0.0 17.0 4.0 2.0 16.0 
9.0 1.0 5.0 6.0 3.0 2.0 0.0 7.0 0.0 0.0 17.0 4.0 2.0 16.0 
10.0 0.0 5.0 6.0 3.0 2.0 0.0 7.0 0.0 0.0 17.0 4.0 2.0 16.0 
27.0 0.0 6.0 7.0 0.0 2.0 0.0 7.0 0.0 0.0 17.0 4.0 2.0 0.0 
27.0 1.0 8.0 9.0 2.0 0.0 2.0 9.0 2.0 2.0 1.0 5.0 3.0 1.0 
28.0 2.0 9.0 0.0 2.0 0.0 2.0 9.0 3.0 4.0 1.0 6.0 4.0 2.0 
29.0 0.0 9.0 0.0 2.0 1.0 3.0 10.0 0.0 4.0 1.0 6.0 4.0 3.0 
29.0 0.0 9.0 0.0 3.0 0.0 0.0 14.0 0.0 5.0 2.0 7.0 0.0 3.0 
30.0 1.0 10.0 1.0 0.0 1.0 1.0 15.0 1.0 0.0 2.0 7.0 0.0 3.0 
33.0 1.0 10.0 1.0 0.0 0.0 1.0 15.0 1.0 0.0 0.0 7.0 0.0 3.0 
34.0 2.0 0.0 1.0 1.0 2.0 3.0 17.0 2.0 2.0 2.0 1.0 1.0 4.0 
34.0 2.0 0.0 2.0 2.0 0.0 3.0 17.0 2.0 2.0 3.0 0.0 1.0 4.0 
35.0 0.0 0.0 2.0 2.0 0.0 4.0 18.0 0.0 2.0 3.0 0.0 1.0 5.0 
38.0 0.0 0.0 3.0 3.0 1.0 0.0 19.0 2.0 1.0 4.0 1.0 0.0 0.0 
38.0 0.0 0.0 3.0 4.0 0.0 0.0 19.0 2.0 1.0 5.0 0.0 0.0 0.0 
39.0 1.0 1.0 0.0 4.0 1.0 1.0 20.0 3.0 2.0 0.0 0.0 0.0 0.0 
39.0 1.0 1.0 0.0 4.0 2.0 0.0 20.0 3.0 2.0 0.0 0.0 0.0 0.0 
40.0 2.0 2.0 1.0 0.0 3.0 1.0 21.0 0.0 2.0 0.0 0.0 0.0 0.0 
41.0 3.0 0.0 1.0 0.0 3.0 1.0 21.0 0.0 2.0 0.0 0.0 0.0 0.0 
42.0 3.0 0.0 2.0 1.0 0.0 1.0 21.0 0.0 2.0 0.0 0.0 0.0 0.0 
