1.0 7.0 7.0 7.0 7.0 8.0 0.0 1.0 7.0 7.0 7.0 0.0 6.0 7.0 
2.0 8.0 9.0 0.0 8.0 9.0 1.0 2.0 8.0 1.0 8.0 1.0 7.0 8.0 
3.0 10.0 11.0 2.0 10.0 0.0 2.0 3.0 0.0 2.0 9.0 2.0 8.0 10.0 
4.0 11.0 12.0 3.0 0.0 1.0 4.0 5.0 3.0 2.0 11.0 4.0 1.0 11.0 
4.0 12.0 13.0 5.0 0.0 2.0 5.0 7.0 5.0 1.0 0.0 4.0 2.0 12.0 
9.0 13.0 0.0 6.0 1.0 3.0 6.0 8.0 7.0 4.0 1.0 1.0 0.0 13.0 
9.0 13.0 0.0 7.0 0.0 3.0 6.0 8.0 7.0 5.0 0.0 1.0 0.0 13.0 
10.0 14.0 1.0 0.0 1.0 4.0 7.0 9.0 8.0 0.0 1.0 2.0 1.0 14.0 
10.0 15.0 0.0 0.0 1.0 0.0 7.0 14.0 8.0 0.0 0.0 2.0 1.0 14.0 
12.0 1.0 1.0 1.0 2.0 1.0 8.0 15.0 9.0 1.0 2.0 1.0 2.0 16.0 
13.0 3.0 0.0 2.0 3.0 2.0 9.0 16.0 0.0 1.0 2.0 1.0 3.0 17.0 
14.0 0.0 0.0 2.0 3.0 2.0 9.0 16.0 0.0 1.0 2.0 1.0 4.0 18.0 
33.0 0.0 1.0 0.0 3.0 2.0 0.0 26.0 0.0 2.0 0.0 1.0 4.0 0.0 
34.0 0.0 1.0 0.0 1.0 0.0 0.0 32.0 0.0 0.0 0.0 0.0 4.0 0.0 
35.0 0.0 0.0 0.0 1.0 0.0 0.0 33.0 0.0 1.0 1.0 1.0 0.0 0.0 
37.0 0.0 0.0 0.0 0.0 0.0 0.0 35.0 0.0 0.0 0.0 0.0 0.0 0.0 
