1.0 7.0 7.0 7.0 7.0 0.0 6.0 0.0 6.0 6.0 6.0 6.0 6.0 7.0 
1.0 7.0 8.0 8.0 9.0 0.0 7.0 1.0 0.0 6.0 6.0 6.0 6.0 7.0 
1.0 7.0 8.0 8.0 10.0 0.0 8.0 2.0 1.0 7.0 7.0 0.0 6.0 7.0 
2.0 8.0 10.0 10.0 12.0 2.0 0.0 3.0 2.0 0.0 7.0 1.0 7.0 8.0 
2.0 8.0 10.0 11.0 13.0 0.0 0.0 3.0 2.0 0.0 8.0 0.0 7.0 8.0 
3.0 9.0 12.0 0.0 15.0 2.0 2.0 4.0 4.0 2.0 1.0 1.0 8.0 9.0 
7.0 10.0 0.0 0.0 17.0 4.0 4.0 5.0 1.0 3.0 2.0 0.0 9.0 10.0 
9.0 12.0 2.0 3.0 1.0 6.0 6.0 6.0 3.0 5.0 4.0 2.0 1.0 12.0 
10.0 0.0 3.0 4.0 3.0 8.0 8.0 7.0 5.0 1.0 5.0 3.0 2.0 13.0 
11.0 1.0 0.0 5.0 4.0 9.0 9.0 8.0 0.0 1.0 5.0 3.0 2.0 14.0 
12.0 0.0 0.0 5.0 4.0 10.0 10.0 9.0 1.0 2.0 0.0 3.0 2.0 14.0 
13.0 1.0 1.0 6.0 5.0 0.0 10.0 9.0 1.0 3.0 1.0 4.0 3.0 15.0 
14.0 0.0 1.0 6.0 5.0 0.0 0.0 23.0 0.0 5.0 0.0 0.0 3.0 15.0 
30.0 0.0 0.0 6.0 5.0 0.0 0.0 23.0 0.0 5.0 0.0 0.0 3.0 0.0 
31.0 1.0 1.0 7.0 0.0 1.0 1.0 24.0 1.0 0.0 0.0 0.0 4.0 1.0 
32.0 1.0 1.0 7.0 0.0 0.0 1.0 24.0 1.0 0.0 0.0 0.0 5.0 0.0 
33.0 0.0 1.0 7.0 0.0 0.0 0.0 29.0 0.0 0.0 1.0 1.0 0.0 0.0 
34.0 0.0 0.0 7.0 0.0 0.0 0.0 29.0 0.0 0.0 1.0 1.0 0.0 0.0 
35.0 1.0 1.0 0.0 0.0 0.0 0.0 29.0 0.0 0.0 3.0 1.0 1.0 1.0 
36.0 0.0 1.0 0.0 0.0 0.0 0.0 30.0 2.0 0.0 0.0 1.0 1.0 1.0 
38.0 0.0 0.0 0.0 0.0 0.0 0.0 34.0 0.0 0.0 0.0 0.0 0.0 0.0 
