1.0 7.0 7.0 7.0 7.0 7.0 0.0 0.0 6.0 6.0 6.0 6.0 6.0 6.0 
2.0 8.0 0.0 7.0 7.0 7.0 0.0 0.0 6.0 7.0 7.0 7.0 7.0 7.0 
3.0 9.0 1.0 9.0 0.0 8.0 1.0 1.0 7.0 8.0 1.0 8.0 8.0 8.0 
3.0 10.0 2.0 10.0 2.0 10.0 0.0 2.0 0.0 8.0 1.0 8.0 8.0 8.0 
4.0 11.0 0.0 11.0 3.0 11.0 1.0 3.0 1.0 9.0 2.0 0.0 8.0 8.0 
4.0 11.0 0.0 11.0 3.0 12.0 0.0 3.0 1.0 9.0 2.0 0.0 8.0 8.0 
5.0 12.0 1.0 0.0 3.0 13.0 1.0 5.0 1.0 11.0 1.0 1.0 9.0 9.0 
6.0 0.0 2.0 1.0 4.0 14.0 2.0 5.0 2.0 12.0 3.0 1.0 10.0 10.0 
7.0 1.0 0.0 2.0 5.0 15.0 3.0 7.0 4.0 14.0 1.0 2.0 11.0 0.0 
8.0 2.0 1.0 3.0 0.0 15.0 3.0 7.0 4.0 14.0 1.0 2.0 11.0 1.0 
9.0 0.0 1.0 3.0 0.0 15.0 3.0 7.0 4.0 15.0 2.0 0.0 11.0 2.0 
10.0 2.0 3.0 0.0 1.0 16.0 4.0 9.0 7.0 0.0 3.0 1.0 12.0 4.0 
10.0 2.0 4.0 1.0 2.0 1.0 0.0 26.0 7.0 0.0 4.0 2.0 13.0 0.0 
11.0 0.0 5.0 2.0 3.0 2.0 1.0 27.0 0.0 0.0 4.0 2.0 14.0 1.0 
12.0 0.0 5.0 2.0 3.0 0.0 0.0 30.0 0.0 0.0 5.0 0.0 14.0 1.0 
14.0 0.0 6.0 0.0 3.0 1.0 1.0 31.0 1.0 1.0 0.0 0.0 14.0 0.0 
14.0 1.0 8.0 0.0 4.0 2.0 2.0 33.0 1.0 2.0 1.0 2.0 1.0 1.0 
15.0 0.0 8.0 0.0 4.0 2.0 2.0 33.0 1.0 2.0 1.0 3.0 0.0 1.0 
19.0 0.0 8.0 0.0 5.0 0.0 2.0 33.0 1.0 2.0 1.0 0.0 0.0 1.0 
20.0 1.0 9.0 1.0 0.0 0.0 3.0 35.0 0.0 0.0 1.0 0.0 0.0 2.0 
21.0 2.0 0.0 1.0 0.0 0.0 4.0 36.0 1.0 1.0 1.0 1.0 1.0 3.0 
23.0 2.0 0.0 0.0 0.0 0.0 4.0 36.0 1.0 1.0 2.0 0.0 0.0 3.0 
24.0 0.0 0.0 0.0 0.0 0.0 4.0 36.0 2.0 2.0 0.0 0.0 0.0 4.0 
25.0 0.0 0.0 0.0 0.0 0.0 5.0 38.0 0.0 0.0 0.0 0.0 0.0 4.0 
26.0 0.0 1.0 1.0 1.0 1.0 0.0 39.0 0.0 0.0 1.0 1.0 1.0 0.0 
26.0 0.0 1.0 2.0 0.0 0.0 0.0 41.0 0.0 0.0 0.0 1.0 1.0 0.0 
27.0 0.0 0.0 2.0 0.0 0.0 0.0 42.0 0.0 0.0 0.0 0.0 1.0 0.0 
