1.0 7.0 7.0 0.0 6.0 6.0 6.0 0.0 6.0 6.0 6.0 7.0 7.0 7.0 
2.0 8.0 9.0 2.0 8.0 8.0 0.0 1.0 0.0 6.0 6.0 7.0 7.0 8.0 
3.0 9.0 0.0 2.0 8.0 9.0 2.0 2.0 2.0 8.0 8.0 9.0 9.0 1.0 
4.0 10.0 2.0 4.0 0.0 10.0 3.0 3.0 3.0 10.0 1.0 10.0 10.0 2.0 
4.0 11.0 3.0 6.0 0.0 11.0 4.0 4.0 4.0 0.0 1.0 10.0 11.0 3.0 
5.0 0.0 3.0 7.0 1.0 12.0 5.0 4.0 5.0 1.0 3.0 12.0 13.0 1.0 
6.0 0.0 4.0 8.0 2.0 13.0 6.0 6.0 7.0 3.0 1.0 0.0 14.0 2.0 
6.0 0.0 5.0 9.0 0.0 13.0 6.0 6.0 7.0 3.0 1.0 0.0 14.0 2.0 
7.0 1.0 6.0 10.0 1.0 14.0 0.0 7.0 8.0 0.0 1.0 0.0 14.0 3.0 
8.0 0.0 6.0 10.0 1.0 0.0 0.0 22.0 8.0 0.0 0.0 0.0 14.0 3.0 
19.0 1.0 7.0 0.0 1.0 0.0 0.0 22.0 0.0 1.0 1.0 1.0 15.0 4.0 
20.0 0.0 7.0 0.0 1.0 0.0 0.0 22.0 0.0 2.0 0.0 1.0 15.0 4.0 
22.0 0.0 7.0 0.0 0.0 0.0 0.0 22.0 0.0 2.0 0.0 0.0 15.0 4.0 
23.0 1.0 0.0 0.0 0.0 0.0 0.0 22.0 0.0 4.0 2.0 2.0 17.0 1.0 
24.0 0.0 0.0 0.0 0.0 0.0 0.0 48.0 0.0 0.0 0.0 0.0 0.0 0.0 
