1.0 7.0 7.0 7.0 0.0 6.0 6.0 0.0 6.0 6.0 6.0 6.0 7.0 7.0 
2.0 8.0 8.0 9.0 2.0 0.0 7.0 1.0 7.0 0.0 6.0 6.0 8.0 8.0 
3.0 9.0 9.0 10.0 3.0 2.0 0.0 2.0 8.0 1.0 7.0 0.0 9.0 9.0 
15.0 10.0 0.0 10.0 3.0 2.0 0.0 2.0 0.0 1.0 8.0 1.0 10.0 10.0 
15.0 10.0 1.0 11.0 4.0 4.0 0.0 3.0 1.0 2.0 0.0 1.0 10.0 10.0 
15.0 11.0 0.0 11.0 4.0 4.0 1.0 5.0 0.0 0.0 0.0 1.0 10.0 10.0 
15.0 12.0 0.0 12.0 5.0 5.0 2.0 6.0 1.0 1.0 1.0 2.0 0.0 10.0 
16.0 13.0 1.0 13.0 0.0 5.0 0.0 10.0 0.0 0.0 1.0 2.0 0.0 11.0 
16.0 14.0 0.0 13.0 0.0 0.0 0.0 16.0 0.0 0.0 2.0 0.0 0.0 11.0 
17.0 15.0 3.0 1.0 2.0 2.0 2.0 17.0 2.0 2.0 4.0 2.0 2.0 1.0 
17.0 15.0 4.0 2.0 0.0 2.0 3.0 18.0 0.0 2.0 4.0 2.0 2.0 1.0 
18.0 16.0 0.0 2.0 0.0 2.0 3.0 18.0 0.0 2.0 5.0 3.0 1.0 2.0 
20.0 1.0 1.0 3.0 1.0 3.0 4.0 18.0 1.0 3.0 6.0 5.0 2.0 4.0 
21.0 0.0 1.0 3.0 1.0 3.0 5.0 20.0 1.0 0.0 6.0 5.0 2.0 4.0 
22.0 1.0 2.0 0.0 1.0 3.0 5.0 20.0 1.0 0.0 6.0 5.0 2.0 4.0 
28.0 1.0 2.0 0.0 0.0 3.0 5.0 20.0 1.0 0.0 6.0 0.0 2.0 4.0 
29.0 2.0 3.0 1.0 2.0 5.0 0.0 22.0 1.0 1.0 0.0 0.0 2.0 4.0 
29.0 2.0 4.0 0.0 2.0 5.0 0.0 22.0 1.0 1.0 0.0 0.0 2.0 4.0 
30.0 3.0 0.0 0.0 2.0 5.0 0.0 22.0 1.0 2.0 1.0 1.0 4.0 1.0 
31.0 0.0 0.0 0.0 2.0 0.0 0.0 30.0 1.0 0.0 0.0 1.0 5.0 2.0 
33.0 0.0 0.0 1.0 0.0 0.0 0.0 31.0 2.0 1.0 1.0 3.0 0.0 0.0 
34.0 0.0 0.0 0.0 0.0 0.0 0.0 38.0 0.0 0.0 0.0 0.0 0.0 0.0 
