1.0 7.0 7.0 7.0 7.0 7.0 0.0 1.0 7.0 7.0 7.0 7.0 0.0 7.0 
2.0 8.0 8.0 0.0 8.0 8.0 1.0 2.0 8.0 8.0 9.0 1.0 1.0 8.0 
3.0 0.0 8.0 0.0 8.0 9.0 3.0 3.0 10.0 10.0 11.0 3.0 3.0 1.0 
4.0 1.0 9.0 1.0 0.0 9.0 3.0 3.0 11.0 11.0 13.0 1.0 4.0 2.0 
4.0 1.0 10.0 0.0 0.0 9.0 3.0 3.0 11.0 11.0 13.0 2.0 5.0 0.0 
5.0 0.0 11.0 1.0 0.0 10.0 4.0 6.0 12.0 12.0 0.0 3.0 6.0 2.0 
8.0 1.0 0.0 1.0 0.0 11.0 5.0 6.0 13.0 13.0 0.0 5.0 8.0 1.0 
9.0 0.0 0.0 1.0 0.0 11.0 6.0 7.0 14.0 14.0 1.0 0.0 8.0 1.0 
10.0 1.0 1.0 2.0 1.0 0.0 6.0 7.0 15.0 15.0 2.0 1.0 9.0 2.0 
11.0 3.0 0.0 3.0 2.0 1.0 8.0 9.0 1.0 16.0 3.0 2.0 10.0 3.0 
22.0 3.0 0.0 4.0 0.0 1.0 8.0 9.0 1.0 16.0 3.0 2.0 0.0 3.0 
22.0 4.0 1.0 6.0 0.0 2.0 10.0 11.0 3.0 1.0 4.0 3.0 1.0 4.0 
23.0 5.0 2.0 7.0 1.0 4.0 0.0 12.0 0.0 2.0 5.0 4.0 2.0 5.0 
24.0 6.0 3.0 0.0 1.0 4.0 0.0 14.0 3.0 0.0 7.0 1.0 3.0 6.0 
25.0 0.0 3.0 0.0 1.0 5.0 1.0 15.0 0.0 1.0 8.0 2.0 4.0 7.0 
25.0 0.0 4.0 1.0 3.0 7.0 0.0 16.0 1.0 2.0 0.0 2.0 4.0 7.0 
26.0 1.0 0.0 1.0 3.0 0.0 0.0 26.0 1.0 0.0 1.0 0.0 5.0 8.0 
27.0 0.0 0.0 1.0 3.0 0.0 0.0 27.0 1.0 0.0 0.0 0.0 5.0 8.0 
36.0 0.0 1.0 2.0 0.0 0.0 0.0 27.0 1.0 0.0 0.0 0.0 5.0 0.0 
37.0 0.0 2.0 0.0 0.0 0.0 0.0 29.0 1.0 1.0 2.0 0.0 0.0 0.0 
38.0 1.0 0.0 0.0 0.0 0.0 0.0 29.0 2.0 0.0 2.0 0.0 0.0 0.0 
39.0 0.0 0.0 0.0 0.0 0.0 0.0 33.0 0.0 0.0 0.0 0.0 0.0 0.0 
