1.0 7.0 7.0 0.0 6.0 6.0 6.0 0.0 6.0 6.0 6.0 7.0 7.0 7.0 
2.0 8.0 0.0 0.0 6.0 7.0 7.0 1.0 7.0 8.0 8.0 9.0 1.0 8.0 
3.0 9.0 1.0 1.0 7.0 0.0 8.0 2.0 8.0 9.0 9.0 11.0 3.0 1.0 
4.0 0.0 2.0 2.0 9.0 2.0 10.0 3.0 10.0 1.0 10.0 12.0 4.0 3.0 
4.0 0.0 2.0 3.0 10.0 0.0 10.0 3.0 10.0 1.0 11.0 13.0 5.0 0.0 
5.0 2.0 4.0 0.0 11.0 1.0 11.0 4.0 0.0 1.0 11.0 14.0 6.0 2.0 
6.0 0.0 5.0 1.0 12.0 2.0 12.0 5.0 1.0 2.0 13.0 1.0 8.0 4.0 
7.0 2.0 0.0 2.0 0.0 3.0 13.0 23.0 1.0 1.0 1.0 3.0 10.0 6.0 
7.0 3.0 1.0 0.0 0.0 3.0 13.0 23.0 1.0 2.0 0.0 3.0 10.0 6.0 
8.0 0.0 1.0 0.0 0.0 3.0 0.0 38.0 0.0 3.0 1.0 0.0 11.0 7.0 
9.0 0.0 0.0 0.0 0.0 3.0 1.0 39.0 1.0 4.0 2.0 1.0 12.0 0.0 
12.0 0.0 0.0 0.0 0.0 5.0 0.0 40.0 2.0 0.0 0.0 1.0 12.0 0.0 
13.0 1.0 1.0 1.0 1.0 0.0 0.0 41.0 2.0 0.0 0.0 0.0 12.0 0.0 
13.0 2.0 0.0 1.0 1.0 0.0 0.0 41.0 2.0 0.0 0.0 0.0 12.0 0.0 
14.0 0.0 0.0 2.0 2.0 1.0 1.0 46.0 3.0 1.0 1.0 1.0 0.0 0.0 
14.0 0.0 0.0 2.0 3.0 0.0 1.0 46.0 3.0 1.0 2.0 0.0 0.0 0.0 
17.0 0.0 0.0 2.0 3.0 0.0 0.0 46.0 4.0 0.0 0.0 0.0 0.0 0.0 
