1.0 7.0 7.0 8.0 0.0 7.0 7.0 1.0 7.0 0.0 6.0 7.0 7.0 7.0 
2.0 8.0 0.0 8.0 0.0 7.0 8.0 2.0 8.0 2.0 8.0 9.0 9.0 1.0 
3.0 10.0 2.0 10.0 2.0 9.0 0.0 3.0 0.0 2.0 8.0 10.0 10.0 3.0 
3.0 10.0 3.0 11.0 3.0 11.0 0.0 6.0 1.0 1.0 9.0 11.0 0.0 3.0 
3.0 11.0 4.0 12.0 0.0 11.0 0.0 6.0 1.0 1.0 10.0 12.0 1.0 0.0 
4.0 1.0 0.0 13.0 1.0 12.0 1.0 20.0 2.0 2.0 0.0 13.0 2.0 1.0 
10.0 3.0 2.0 1.0 3.0 0.0 3.0 36.0 4.0 0.0 2.0 1.0 4.0 3.0 
11.0 0.0 2.0 1.0 3.0 0.0 3.0 36.0 4.0 0.0 3.0 2.0 6.0 1.0 
12.0 1.0 0.0 1.0 4.0 1.0 4.0 37.0 0.0 0.0 3.0 2.0 6.0 1.0 
13.0 0.0 0.0 1.0 4.0 1.0 4.0 37.0 0.0 0.0 3.0 2.0 6.0 1.0 
13.0 0.0 0.0 1.0 5.0 0.0 4.0 37.0 0.0 0.0 3.0 2.0 6.0 1.0 
20.0 0.0 0.0 0.0 5.0 0.0 4.0 38.0 0.0 0.0 4.0 0.0 0.0 1.0 
21.0 1.0 1.0 1.0 0.0 0.0 4.0 39.0 0.0 0.0 4.0 0.0 0.0 1.0 
22.0 1.0 0.0 2.0 1.0 1.0 0.0 41.0 0.0 0.0 4.0 0.0 0.0 0.0 
22.0 1.0 0.0 2.0 1.0 2.0 0.0 42.0 1.0 1.0 0.0 0.0 0.0 0.0 
