1.0 0.0 6.0 6.0 6.0 6.0 6.0 0.0 6.0 7.0 7.0 7.0 7.0 7.0 
2.0 1.0 8.0 8.0 0.0 7.0 7.0 1.0 7.0 0.0 7.0 8.0 8.0 8.0 
2.0 1.0 8.0 10.0 0.0 8.0 8.0 2.0 8.0 1.0 0.0 8.0 8.0 8.0 
3.0 2.0 0.0 10.0 1.0 9.0 9.0 3.0 10.0 3.0 2.0 10.0 1.0 9.0 
3.0 2.0 0.0 11.0 0.0 9.0 9.0 3.0 11.0 4.0 0.0 10.0 1.0 9.0 
4.0 3.0 1.0 12.0 1.0 0.0 9.0 3.0 11.0 4.0 1.0 12.0 1.0 10.0 
20.0 5.0 3.0 0.0 3.0 2.0 11.0 4.0 1.0 5.0 3.0 0.0 3.0 12.0 
21.0 0.0 4.0 1.0 4.0 3.0 12.0 5.0 2.0 7.0 5.0 2.0 5.0 1.0 
21.0 0.0 5.0 0.0 5.0 4.0 13.0 7.0 4.0 9.0 0.0 3.0 0.0 1.0 
22.0 1.0 0.0 0.0 5.0 4.0 13.0 7.0 5.0 10.0 1.0 1.0 1.0 2.0 
30.0 2.0 1.0 1.0 6.0 5.0 0.0 7.0 0.0 11.0 3.0 1.0 2.0 3.0 
31.0 4.0 0.0 2.0 0.0 6.0 1.0 17.0 2.0 0.0 0.0 2.0 3.0 4.0 
32.0 0.0 0.0 2.0 0.0 6.0 1.0 17.0 2.0 0.0 0.0 3.0 4.0 5.0 
32.0 0.0 0.0 2.0 0.0 7.0 0.0 17.0 3.0 1.0 1.0 0.0 4.0 5.0 
38.0 0.0 1.0 0.0 0.0 7.0 0.0 17.0 4.0 0.0 1.0 0.0 4.0 0.0 
39.0 1.0 2.0 1.0 1.0 0.0 0.0 17.0 5.0 1.0 2.0 1.0 1.0 1.0 
40.0 0.0 2.0 1.0 1.0 0.0 0.0 17.0 6.0 0.0 2.0 1.0 1.0 1.0 
41.0 1.0 0.0 1.0 1.0 0.0 0.0 17.0 6.0 0.0 2.0 1.0 1.0 1.0 
41.0 1.0 0.0 2.0 0.0 0.0 0.0 17.0 6.0 0.0 2.0 1.0 1.0 1.0 
41.0 2.0 1.0 0.0 0.0 0.0 0.0 17.0 7.0 1.0 0.0 1.0 1.0 1.0 
42.0 0.0 1.0 0.0 0.0 0.0 0.0 17.0 7.0 1.0 0.0 2.0 0.0 2.0 
43.0 2.0 0.0 1.0 1.0 1.0 1.0 18.0 0.0 1.0 0.0 2.0 0.0 2.0 
44.0 0.0 0.0 1.0 1.0 1.0 1.0 18.0 0.0 1.0 0.0 2.0 0.0 3.0 
44.0 0.0 0.0 1.0 1.0 2.0 0.0 18.0 0.0 2.0 1.0 0.0 0.0 3.0 
45.0 0.0 0.0 0.0 1.0 2.0 0.0 18.0 0.0 3.0 0.0 0.0 0.0 3.0 
46.0 0.0 0.0 0.0 0.0 2.0 1.0 19.0 1.0 0.0 0.0 0.0 0.0 3.0 
46.0 0.0 0.0 0.0 0.0 3.0 0.0 21.0 0.0 0.0 0.0 1.0 1.0 0.0 
47.0 0.0 0.0 1.0 1.0 0.0 0.0 21.0 0.0 0.0 0.0 2.0 0.0 0.0 
47.0 0.0 0.0 2.0 0.0 0.0 0.0 22.0 0.0 0.0 1.0 0.0 0.0 0.0 
