1.0 7.0 7.0 7.0 7.0 7.0 0.0 0.0 6.0 6.0 6.0 6.0 6.0 6.0 
2.0 8.0 0.0 7.0 7.0 7.0 0.0 0.0 6.0 7.0 7.0 7.0 7.0 7.0 
3.0 9.0 1.0 0.0 7.0 7.0 1.0 1.0 7.0 8.0 9.0 9.0 9.0 1.0 
3.0 10.0 3.0 0.0 8.0 8.0 2.0 2.0 8.0 9.0 0.0 9.0 9.0 1.0 
4.0 11.0 4.0 1.0 0.0 8.0 2.0 2.0 8.0 9.0 1.0 10.0 11.0 1.0 
4.0 12.0 5.0 3.0 2.0 10.0 0.0 3.0 9.0 10.0 2.0 0.0 11.0 1.0 
5.0 13.0 6.0 0.0 2.0 10.0 0.0 3.0 10.0 11.0 0.0 0.0 11.0 1.0 
5.0 13.0 7.0 1.0 0.0 10.0 0.0 3.0 10.0 11.0 0.0 0.0 11.0 1.0 
8.0 0.0 8.0 2.0 1.0 11.0 1.0 3.0 11.0 12.0 1.0 1.0 13.0 0.0 
9.0 0.0 0.0 3.0 2.0 12.0 2.0 14.0 12.0 13.0 2.0 2.0 0.0 1.0 
10.0 1.0 1.0 0.0 2.0 12.0 2.0 14.0 12.0 13.0 2.0 2.0 0.0 1.0 
11.0 0.0 1.0 0.0 2.0 12.0 2.0 14.0 12.0 13.0 2.0 2.0 0.0 1.0 
13.0 0.0 0.0 0.0 2.0 12.0 2.0 14.0 12.0 13.0 2.0 2.0 0.0 0.0 
13.0 2.0 2.0 2.0 0.0 0.0 3.0 29.0 13.0 0.0 3.0 3.0 1.0 1.0 
14.0 3.0 0.0 2.0 0.0 0.0 3.0 29.0 14.0 1.0 4.0 0.0 1.0 1.0 
15.0 0.0 0.0 2.0 0.0 0.0 3.0 29.0 14.0 1.0 4.0 0.0 2.0 2.0 
18.0 0.0 1.0 0.0 0.0 0.0 3.0 29.0 15.0 0.0 4.0 0.0 2.0 0.0 
19.0 0.0 0.0 0.0 0.0 0.0 3.0 29.0 15.0 0.0 5.0 1.0 0.0 0.0 
20.0 0.0 0.0 0.0 1.0 1.0 0.0 29.0 15.0 0.0 6.0 0.0 0.0 0.0 
20.0 2.0 0.0 1.0 2.0 2.0 2.0 31.0 1.0 1.0 7.0 1.0 1.0 1.0 
22.0 2.0 0.0 0.0 2.0 2.0 0.0 35.0 0.0 0.0 7.0 1.0 0.0 1.0 
23.0 0.0 0.0 0.0 2.0 2.0 0.0 35.0 0.0 0.0 8.0 0.0 0.0 2.0 
26.0 0.0 0.0 1.0 3.0 3.0 1.0 36.0 1.0 1.0 0.0 0.0 0.0 0.0 
