1.0 7.0 7.0 7.0 7.0 0.0 7.0 1.0 7.0 7.0 7.0 0.0 7.0 7.0 
1.0 7.0 8.0 8.0 9.0 0.0 8.0 2.0 8.0 0.0 7.0 0.0 7.0 7.0 
2.0 8.0 9.0 10.0 0.0 1.0 9.0 3.0 10.0 2.0 1.0 1.0 8.0 8.0 
2.0 8.0 9.0 11.0 1.0 0.0 10.0 4.0 11.0 3.0 2.0 2.0 9.0 0.0 
3.0 0.0 9.0 12.0 2.0 1.0 12.0 5.0 13.0 5.0 4.0 4.0 1.0 1.0 
4.0 2.0 13.0 1.0 5.0 4.0 15.0 9.0 3.0 1.0 7.0 2.0 3.0 3.0 
5.0 0.0 13.0 1.0 5.0 5.0 16.0 10.0 0.0 1.0 7.0 2.0 3.0 4.0 
6.0 1.0 14.0 2.0 6.0 0.0 0.0 27.0 0.0 0.0 7.0 2.0 3.0 4.0 
7.0 0.0 14.0 2.0 6.0 0.0 0.0 27.0 0.0 0.0 7.0 2.0 3.0 4.0 
8.0 2.0 1.0 3.0 7.0 1.0 1.0 27.0 1.0 1.0 8.0 3.0 4.0 5.0 
9.0 3.0 2.0 0.0 7.0 1.0 1.0 27.0 2.0 2.0 9.0 4.0 5.0 0.0 
9.0 3.0 2.0 0.0 7.0 2.0 0.0 27.0 2.0 2.0 9.0 4.0 5.0 0.0 
9.0 0.0 3.0 1.0 8.0 4.0 0.0 34.0 4.0 4.0 0.0 5.0 0.0 0.0 
9.0 0.0 4.0 0.0 8.0 4.0 1.0 35.0 5.0 5.0 1.0 0.0 0.0 0.0 
9.0 0.0 4.0 0.0 8.0 5.0 0.0 35.0 5.0 6.0 0.0 0.0 0.0 0.0 
10.0 1.0 5.0 2.0 0.0 6.0 1.0 36.0 0.0 7.0 1.0 1.0 1.0 1.0 
10.0 2.0 6.0 0.0 0.0 6.0 1.0 36.0 0.0 7.0 1.0 1.0 2.0 0.0 
10.0 2.0 6.0 0.0 0.0 7.0 0.0 36.0 0.0 7.0 2.0 2.0 0.0 0.0 
11.0 3.0 0.0 0.0 0.0 7.0 0.0 37.0 0.0 8.0 1.0 3.0 1.0 1.0 
12.0 0.0 0.0 0.0 0.0 7.0 0.0 37.0 0.0 9.0 0.0 3.0 2.0 2.0 
13.0 1.0 1.0 1.0 1.0 0.0 0.0 37.0 0.0 9.0 0.0 4.0 4.0 1.0 
13.0 2.0 0.0 1.0 1.0 0.0 0.0 38.0 0.0 10.0 1.0 5.0 0.0 1.0 
13.0 3.0 0.0 2.0 3.0 0.0 1.0 41.0 1.0 0.0 1.0 5.0 0.0 2.0 
14.0 3.0 0.0 2.0 3.0 0.0 0.0 42.0 1.0 0.0 0.0 5.0 0.0 2.0 
14.0 4.0 1.0 0.0 3.0 0.0 1.0 43.0 2.0 1.0 1.0 0.0 0.0 2.0 
17.0 4.0 1.0 0.0 3.0 0.0 0.0 43.0 2.0 0.0 0.0 0.0 0.0 2.0 
18.0 0.0 1.0 0.0 3.0 0.0 0.0 44.0 2.0 0.0 0.0 1.0 2.0 1.0 
20.0 0.0 0.0 0.0 0.0 0.0 0.0 52.0 0.0 0.0 0.0 0.0 0.0 0.0 
