1.0 7.0 7.0 7.0 0.0 7.0 7.0 1.0 7.0 7.0 7.0 0.0 7.0 7.0 
2.0 0.0 8.0 8.0 1.0 8.0 8.0 2.0 9.0 1.0 8.0 1.0 8.0 8.0 
3.0 1.0 0.0 8.0 2.0 9.0 9.0 3.0 11.0 3.0 10.0 3.0 1.0 9.0 
5.0 1.0 0.0 9.0 0.0 9.0 9.0 3.0 12.0 4.0 11.0 0.0 0.0 9.0 
6.0 2.0 1.0 10.0 2.0 0.0 10.0 4.0 13.0 6.0 13.0 2.0 2.0 1.0 
7.0 3.0 2.0 11.0 3.0 1.0 0.0 4.0 13.0 6.0 14.0 3.0 4.0 1.0 
8.0 4.0 3.0 13.0 0.0 2.0 1.0 5.0 14.0 0.0 14.0 3.0 4.0 1.0 
14.0 5.0 4.0 0.0 1.0 3.0 2.0 5.0 15.0 1.0 15.0 0.0 5.0 2.0 
15.0 0.0 4.0 0.0 1.0 3.0 2.0 5.0 16.0 0.0 16.0 1.0 6.0 3.0 
16.0 0.0 6.0 3.0 4.0 6.0 5.0 9.0 1.0 3.0 2.0 3.0 8.0 6.0 
17.0 1.0 7.0 4.0 5.0 7.0 0.0 11.0 1.0 0.0 2.0 3.0 8.0 6.0 
18.0 0.0 7.0 4.0 5.0 7.0 0.0 11.0 1.0 0.0 2.0 3.0 8.0 6.0 
19.0 1.0 8.0 0.0 5.0 7.0 0.0 11.0 1.0 0.0 2.0 3.0 8.0 7.0 
20.0 0.0 8.0 0.0 5.0 7.0 0.0 13.0 0.0 1.0 0.0 3.0 8.0 7.0 
21.0 1.0 0.0 0.0 5.0 7.0 0.0 13.0 1.0 2.0 1.0 4.0 9.0 8.0 
22.0 0.0 0.0 0.0 5.0 7.0 1.0 15.0 0.0 0.0 1.0 4.0 9.0 8.0 
23.0 1.0 1.0 1.0 0.0 7.0 1.0 15.0 0.0 0.0 1.0 4.0 9.0 9.0 
24.0 0.0 1.0 1.0 0.0 7.0 0.0 19.0 0.0 0.0 2.0 0.0 9.0 9.0 
34.0 0.0 0.0 1.0 0.0 7.0 0.0 19.0 0.0 0.0 2.0 0.0 9.0 0.0 
35.0 1.0 1.0 3.0 2.0 0.0 1.0 20.0 1.0 1.0 3.0 2.0 1.0 1.0 
36.0 2.0 2.0 0.0 2.0 0.0 1.0 20.0 2.0 0.0 3.0 2.0 1.0 1.0 
37.0 2.0 2.0 0.0 2.0 0.0 0.0 20.0 2.0 0.0 3.0 2.0 1.0 1.0 
37.0 2.0 3.0 1.0 0.0 0.0 0.0 20.0 2.0 0.0 3.0 2.0 2.0 0.0 
38.0 0.0 3.0 1.0 0.0 0.0 0.0 21.0 2.0 0.0 4.0 0.0 2.0 1.0 
39.0 1.0 0.0 1.0 0.0 0.0 0.0 21.0 2.0 0.0 5.0 1.0 0.0 2.0 
40.0 0.0 0.0 1.0 0.0 0.0 0.0 21.0 2.0 0.0 6.0 0.0 0.0 2.0 
41.0 0.0 0.0 0.0 0.0 0.0 0.0 31.0 0.0 0.0 0.0 0.0 0.0 0.0 
