1.0 8.0 8.0 8.0 8.0 8.0 0.0 2.0 0.0 7.0 7.0 7.0 7.0 1.0 
2.0 9.0 9.0 9.0 0.0 9.0 1.0 3.0 1.0 9.0 9.0 1.0 8.0 2.0 
3.0 10.0 10.0 0.0 0.0 9.0 1.0 3.0 2.0 10.0 11.0 1.0 9.0 3.0 
15.0 10.0 10.0 0.0 0.0 10.0 0.0 4.0 0.0 10.0 0.0 1.0 9.0 3.0 
18.0 0.0 10.0 0.0 0.0 11.0 1.0 5.0 1.0 11.0 0.0 3.0 11.0 1.0 
19.0 2.0 0.0 1.0 2.0 13.0 3.0 7.0 2.0 13.0 2.0 5.0 1.0 2.0 
19.0 4.0 2.0 3.0 0.0 0.0 4.0 23.0 3.0 0.0 3.0 6.0 2.0 3.0 
20.0 5.0 0.0 3.0 0.0 1.0 5.0 24.0 0.0 0.0 3.0 6.0 2.0 3.0 
21.0 0.0 0.0 3.0 0.0 1.0 5.0 24.0 0.0 0.0 4.0 7.0 3.0 4.0 
22.0 1.0 1.0 0.0 0.0 0.0 5.0 26.0 0.0 0.0 5.0 8.0 4.0 0.0 
23.0 0.0 1.0 0.0 0.0 0.0 5.0 26.0 0.0 0.0 5.0 8.0 4.0 0.0 
24.0 0.0 2.0 1.0 1.0 1.0 0.0 26.0 0.0 0.0 5.0 8.0 4.0 0.0 
25.0 1.0 0.0 1.0 1.0 2.0 1.0 27.0 1.0 1.0 0.0 8.0 4.0 0.0 
26.0 0.0 0.0 1.0 1.0 2.0 1.0 27.0 1.0 1.0 0.0 8.0 4.0 0.0 
31.0 0.0 0.0 0.0 1.0 2.0 1.0 27.0 1.0 1.0 0.0 8.0 0.0 0.0 
42.0 0.0 0.0 0.0 0.0 0.0 0.0 30.0 0.0 0.0 0.0 0.0 0.0 0.0 
