1.0 0.0 6.0 7.0 7.0 7.0 7.0 1.0 7.0 1.0 7.0 7.0 7.0 7.0 
2.0 1.0 7.0 9.0 9.0 0.0 8.0 2.0 8.0 2.0 0.0 8.0 8.0 8.0 
3.0 3.0 9.0 0.0 10.0 1.0 10.0 3.0 1.0 3.0 1.0 9.0 9.0 10.0 
3.0 3.0 9.0 0.0 11.0 0.0 11.0 4.0 2.0 0.0 1.0 9.0 9.0 10.0 
4.0 0.0 9.0 0.0 11.0 0.0 12.0 5.0 0.0 0.0 1.0 9.0 10.0 11.0 
5.0 1.0 11.0 2.0 0.0 2.0 14.0 6.0 2.0 2.0 3.0 1.0 11.0 12.0 
6.0 0.0 11.0 2.0 0.0 2.0 15.0 7.0 0.0 2.0 3.0 1.0 11.0 12.0 
12.0 1.0 0.0 2.0 0.0 3.0 16.0 7.0 1.0 3.0 0.0 2.0 12.0 13.0 
12.0 2.0 1.0 0.0 0.0 3.0 17.0 9.0 1.0 0.0 0.0 2.0 12.0 13.0 
13.0 2.0 4.0 3.0 3.0 6.0 1.0 15.0 2.0 2.0 2.0 4.0 14.0 1.0 
13.0 2.0 4.0 3.0 4.0 7.0 0.0 16.0 0.0 2.0 2.0 4.0 14.0 1.0 
14.0 4.0 0.0 4.0 5.0 8.0 1.0 17.0 1.0 3.0 3.0 7.0 2.0 3.0 
15.0 0.0 0.0 4.0 5.0 8.0 2.0 19.0 1.0 0.0 3.0 8.0 3.0 4.0 
15.0 0.0 0.0 4.0 6.0 1.0 0.0 28.0 1.0 0.0 4.0 9.0 4.0 0.0 
16.0 1.0 2.0 6.0 0.0 2.0 1.0 30.0 1.0 1.0 5.0 1.0 5.0 1.0 
17.0 0.0 0.0 6.0 0.0 2.0 1.0 34.0 2.0 2.0 6.0 2.0 0.0 0.0 
17.0 0.0 0.0 7.0 1.0 0.0 1.0 34.0 2.0 2.0 6.0 2.0 0.0 0.0 
17.0 0.0 0.0 8.0 0.0 0.0 2.0 35.0 0.0 2.0 6.0 2.0 0.0 0.0 
18.0 1.0 1.0 0.0 1.0 1.0 3.0 36.0 1.0 4.0 1.0 3.0 1.0 1.0 
22.0 1.0 1.0 0.0 2.0 2.0 0.0 36.0 1.0 5.0 0.0 0.0 1.0 1.0 
22.0 2.0 2.0 1.0 0.0 3.0 1.0 37.0 2.0 0.0 0.0 0.0 1.0 1.0 
22.0 2.0 3.0 1.0 1.0 0.0 1.0 39.0 2.0 0.0 0.0 0.0 0.0 1.0 
23.0 3.0 0.0 1.0 1.0 0.0 2.0 40.0 0.0 0.0 0.0 0.0 0.0 2.0 
23.0 3.0 0.0 0.0 2.0 1.0 0.0 42.0 0.0 0.0 0.0 0.0 1.0 0.0 
