1.0 0.0 6.0 7.0 7.0 7.0 7.0 1.0 7.0 1.0 7.0 7.0 7.0 7.0 
2.0 1.0 7.0 0.0 7.0 7.0 7.0 1.0 8.0 0.0 8.0 8.0 8.0 8.0 
2.0 2.0 9.0 0.0 8.0 8.0 8.0 2.0 0.0 0.0 8.0 8.0 8.0 9.0 
3.0 0.0 9.0 1.0 9.0 9.0 9.0 3.0 1.0 1.0 9.0 0.0 8.0 10.0 
4.0 1.0 10.0 2.0 0.0 9.0 0.0 14.0 0.0 1.0 10.0 1.0 9.0 11.0 
5.0 0.0 10.0 2.0 0.0 9.0 0.0 15.0 0.0 0.0 10.0 1.0 9.0 11.0 
17.0 0.0 11.0 0.0 0.0 9.0 0.0 15.0 0.0 0.0 10.0 1.0 9.0 0.0 
17.0 0.0 13.0 0.0 1.0 10.0 1.0 18.0 1.0 1.0 0.0 1.0 9.0 0.0 
29.0 1.0 0.0 1.0 2.0 11.0 1.0 21.0 1.0 1.0 1.0 2.0 0.0 1.0 
30.0 0.0 0.0 1.0 2.0 11.0 1.0 22.0 0.0 2.0 0.0 2.0 0.0 1.0 
31.0 0.0 0.0 0.0 2.0 11.0 1.0 22.0 0.0 2.0 0.0 2.0 0.0 1.0 
32.0 0.0 0.0 1.0 0.0 0.0 1.0 35.0 1.0 0.0 1.0 0.0 0.0 1.0 
33.0 0.0 0.0 0.0 0.0 0.0 1.0 36.0 1.0 0.0 0.0 0.0 0.0 1.0 
34.0 0.0 0.0 0.0 0.0 0.0 0.0 38.0 0.0 0.0 0.0 0.0 0.0 0.0 
