1.0 7.0 0.0 7.0 7.0 7.0 7.0 1.0 7.0 0.0 7.0 7.0 7.0 7.0 
2.0 8.0 1.0 8.0 0.0 8.0 8.0 2.0 8.0 1.0 8.0 9.0 1.0 8.0 
3.0 10.0 3.0 0.0 1.0 9.0 9.0 3.0 1.0 2.0 9.0 10.0 2.0 10.0 
4.0 0.0 3.0 0.0 2.0 10.0 10.0 3.0 2.0 3.0 11.0 12.0 1.0 11.0 
4.0 1.0 5.0 0.0 3.0 11.0 11.0 4.0 3.0 4.0 0.0 12.0 2.0 12.0 
4.0 2.0 7.0 0.0 4.0 12.0 12.0 5.0 4.0 5.0 1.0 0.0 3.0 13.0 
5.0 3.0 0.0 0.0 5.0 13.0 13.0 6.0 5.0 1.0 2.0 1.0 4.0 14.0 
6.0 0.0 0.0 0.0 5.0 13.0 13.0 6.0 6.0 0.0 2.0 1.0 5.0 15.0 
7.0 1.0 1.0 1.0 0.0 13.0 13.0 7.0 8.0 0.0 3.0 2.0 0.0 16.0 
8.0 0.0 2.0 2.0 1.0 14.0 14.0 8.0 0.0 0.0 3.0 2.0 0.0 18.0 
9.0 1.0 0.0 2.0 1.0 14.0 0.0 25.0 0.0 0.0 0.0 2.0 0.0 18.0 
10.0 2.0 1.0 3.0 3.0 1.0 1.0 25.0 1.0 1.0 1.0 3.0 1.0 19.0 
11.0 3.0 2.0 0.0 3.0 1.0 1.0 25.0 2.0 2.0 2.0 0.0 1.0 19.0 
12.0 0.0 2.0 0.0 3.0 1.0 1.0 25.0 2.0 2.0 2.0 0.0 2.0 20.0 
13.0 1.0 0.0 0.0 3.0 1.0 2.0 26.0 0.0 2.0 2.0 0.0 2.0 20.0 
14.0 0.0 0.0 0.0 3.0 1.0 2.0 26.0 0.0 2.0 2.0 0.0 2.0 20.0 
35.0 0.0 1.0 1.0 0.0 1.0 2.0 26.0 0.0 2.0 2.0 0.0 2.0 0.0 
35.0 0.0 2.0 0.0 0.0 1.0 0.0 29.0 0.0 3.0 0.0 0.0 2.0 0.0 
36.0 0.0 2.0 0.0 0.0 0.0 1.0 30.0 1.0 0.0 0.0 0.0 2.0 0.0 
37.0 1.0 0.0 0.0 0.0 0.0 1.0 31.0 1.0 0.0 0.0 1.0 0.0 0.0 
38.0 1.0 0.0 0.0 0.0 0.0 0.0 31.0 1.0 0.0 0.0 1.0 0.0 0.0 
39.0 0.0 0.0 0.0 0.0 0.0 0.0 33.0 0.0 0.0 0.0 0.0 0.0 0.0 
