1.0 0.0 6.0 6.0 6.0 6.0 6.0 0.0 6.0 7.0 7.0 7.0 7.0 7.0 
2.0 1.0 8.0 0.0 7.0 7.0 7.0 1.0 0.0 7.0 8.0 8.0 8.0 8.0 
3.0 0.0 8.0 1.0 8.0 8.0 8.0 2.0 1.0 8.0 9.0 0.0 8.0 8.0 
4.0 1.0 0.0 1.0 8.0 8.0 8.0 2.0 2.0 9.0 10.0 1.0 9.0 9.0 
5.0 0.0 1.0 2.0 9.0 9.0 9.0 3.0 3.0 10.0 0.0 1.0 9.0 11.0 
17.0 0.0 0.0 3.0 10.0 10.0 10.0 4.0 4.0 11.0 1.0 2.0 0.0 0.0 
18.0 0.0 1.0 4.0 11.0 11.0 11.0 5.0 5.0 0.0 1.0 3.0 1.0 1.0 
19.0 1.0 2.0 5.0 12.0 12.0 0.0 5.0 5.0 1.0 2.0 4.0 2.0 2.0 
19.0 1.0 3.0 6.0 13.0 14.0 0.0 7.0 0.0 2.0 3.0 0.0 2.0 2.0 
22.0 2.0 4.0 7.0 0.0 15.0 1.0 9.0 4.0 1.0 0.0 1.0 3.0 3.0 
23.0 3.0 0.0 7.0 0.0 15.0 1.0 10.0 4.0 1.0 0.0 0.0 4.0 4.0 
24.0 4.0 1.0 0.0 0.0 15.0 1.0 10.0 5.0 0.0 1.0 1.0 5.0 5.0 
24.0 5.0 0.0 0.0 0.0 15.0 1.0 10.0 5.0 0.0 2.0 0.0 5.0 5.0 
24.0 5.0 1.0 1.0 2.0 17.0 0.0 12.0 0.0 1.0 3.0 1.0 0.0 5.0 
25.0 7.0 3.0 3.0 2.0 1.0 1.0 17.0 1.0 3.0 1.0 1.0 1.0 6.0 
26.0 0.0 3.0 3.0 2.0 1.0 1.0 18.0 1.0 4.0 3.0 1.0 2.0 7.0 
27.0 1.0 0.0 3.0 0.0 1.0 1.0 22.0 2.0 5.0 0.0 0.0 2.0 8.0 
27.0 1.0 0.0 3.0 2.0 3.0 0.0 23.0 3.0 0.0 0.0 0.0 2.0 8.0 
31.0 1.0 0.0 4.0 0.0 4.0 1.0 24.0 4.0 1.0 1.0 1.0 0.0 0.0 
31.0 2.0 1.0 5.0 1.0 0.0 1.0 24.0 4.0 2.0 0.0 1.0 0.0 0.0 
31.0 3.0 0.0 5.0 0.0 0.0 1.0 26.0 4.0 2.0 0.0 0.0 0.0 0.0 
