1.0 7.0 0.0 6.0 7.0 7.0 7.0 1.0 7.0 7.0 1.0 7.0 7.0 7.0 
2.0 8.0 1.0 0.0 7.0 8.0 8.0 2.0 8.0 8.0 2.0 9.0 1.0 8.0 
3.0 10.0 3.0 2.0 0.0 9.0 9.0 3.0 9.0 0.0 3.0 10.0 2.0 9.0 
4.0 11.0 4.0 3.0 1.0 0.0 9.0 3.0 9.0 0.0 5.0 12.0 1.0 10.0 
5.0 12.0 5.0 0.0 1.0 1.0 10.0 4.0 10.0 1.0 0.0 12.0 1.0 10.0 
18.0 12.0 5.0 0.0 0.0 1.0 10.0 4.0 10.0 1.0 0.0 0.0 1.0 10.0 
19.0 13.0 6.0 1.0 1.0 2.0 0.0 5.0 10.0 1.0 1.0 1.0 1.0 11.0 
21.0 1.0 8.0 3.0 3.0 4.0 2.0 6.0 1.0 2.0 2.0 3.0 3.0 13.0 
22.0 2.0 9.0 0.0 3.0 4.0 2.0 6.0 1.0 2.0 2.0 3.0 3.0 13.0 
22.0 3.0 10.0 1.0 0.0 4.0 2.0 6.0 1.0 2.0 2.0 3.0 3.0 13.0 
22.0 3.0 11.0 0.0 0.0 4.0 0.0 12.0 0.0 1.0 0.0 3.0 3.0 13.0 
23.0 0.0 11.0 0.0 0.0 4.0 0.0 13.0 0.0 0.0 0.0 3.0 4.0 14.0 
23.0 1.0 12.0 2.0 0.0 5.0 1.0 14.0 1.0 1.0 1.0 4.0 6.0 1.0 
24.0 0.0 12.0 2.0 0.0 5.0 1.0 14.0 1.0 2.0 0.0 4.0 6.0 1.0 
24.0 0.0 12.0 2.0 0.0 6.0 0.0 14.0 1.0 2.0 0.0 4.0 6.0 1.0 
25.0 0.0 13.0 0.0 0.0 6.0 0.0 15.0 0.0 2.0 0.0 4.0 7.0 0.0 
25.0 0.0 13.0 0.0 0.0 7.0 0.0 18.0 1.0 0.0 1.0 0.0 7.0 0.0 
35.0 1.0 0.0 1.0 1.0 1.0 1.0 27.0 1.0 1.0 1.0 1.0 0.0 1.0 
35.0 1.0 0.0 2.0 0.0 1.0 1.0 27.0 1.0 2.0 0.0 1.0 0.0 1.0 
36.0 1.0 0.0 2.0 0.0 0.0 1.0 29.0 0.0 2.0 0.0 1.0 0.0 0.0 
