1.0 7.0 7.0 0.0 6.0 7.0 7.0 1.0 7.0 7.0 7.0 1.0 7.0 7.0 
2.0 0.0 7.0 0.0 6.0 7.0 8.0 2.0 9.0 9.0 9.0 3.0 9.0 1.0 
3.0 1.0 8.0 1.0 0.0 7.0 8.0 2.0 10.0 10.0 10.0 0.0 10.0 2.0 
4.0 2.0 0.0 2.0 1.0 8.0 10.0 3.0 12.0 12.0 12.0 2.0 1.0 3.0 
5.0 0.0 1.0 3.0 2.0 9.0 11.0 4.0 13.0 0.0 13.0 3.0 3.0 5.0 
11.0 0.0 0.0 3.0 2.0 0.0 11.0 14.0 13.0 0.0 14.0 4.0 0.0 0.0 
12.0 0.0 1.0 4.0 3.0 1.0 0.0 28.0 0.0 1.0 15.0 5.0 1.0 1.0 
12.0 0.0 1.0 4.0 4.0 0.0 0.0 28.0 0.0 1.0 15.0 5.0 1.0 1.0 
13.0 1.0 2.0 0.0 4.0 0.0 0.0 29.0 0.0 0.0 15.0 5.0 1.0 2.0 
14.0 0.0 2.0 0.0 4.0 0.0 0.0 29.0 0.0 0.0 15.0 6.0 2.0 0.0 
15.0 1.0 0.0 0.0 4.0 0.0 0.0 29.0 0.0 0.0 15.0 6.0 2.0 0.0 
16.0 0.0 0.0 0.0 4.0 0.0 0.0 29.0 0.0 0.0 15.0 6.0 2.0 0.0 
17.0 1.0 1.0 1.0 0.0 0.0 0.0 29.0 0.0 0.0 15.0 6.0 2.0 0.0 
17.0 1.0 2.0 0.0 0.0 0.0 0.0 29.0 0.0 0.0 15.0 6.0 2.0 0.0 
34.0 1.0 2.0 0.0 0.0 0.0 1.0 30.0 1.0 1.0 0.0 0.0 2.0 0.0 
35.0 0.0 2.0 0.0 0.0 0.0 0.0 33.0 0.0 0.0 0.0 0.0 2.0 0.0 
36.0 1.0 0.0 0.0 0.0 0.0 0.0 33.0 0.0 0.0 0.0 0.0 2.0 0.0 
37.0 0.0 0.0 0.0 0.0 0.0 0.0 35.0 0.0 0.0 0.0 0.0 0.0 0.0 
