1.0 7.0 7.0 0.0 6.0 6.0 6.0 0.0 6.0 6.0 6.0 7.0 7.0 7.0 
2.0 8.0 0.0 1.0 7.0 7.0 7.0 1.0 7.0 1.0 7.0 8.0 8.0 8.0 
3.0 0.0 0.0 1.0 7.0 7.0 8.0 1.0 9.0 1.0 8.0 9.0 9.0 9.0 
4.0 1.0 2.0 3.0 0.0 8.0 9.0 2.0 10.0 2.0 1.0 10.0 10.0 10.0 
5.0 0.0 3.0 4.0 1.0 9.0 10.0 3.0 0.0 2.0 1.0 11.0 11.0 12.0 
5.0 0.0 3.0 5.0 0.0 0.0 10.0 14.0 1.0 0.0 0.0 11.0 11.0 12.0 
6.0 2.0 0.0 6.0 1.0 1.0 11.0 15.0 2.0 1.0 1.0 0.0 12.0 14.0 
6.0 2.0 0.0 7.0 0.0 1.0 12.0 16.0 0.0 1.0 1.0 0.0 12.0 14.0 
7.0 0.0 1.0 8.0 1.0 2.0 13.0 17.0 1.0 2.0 2.0 1.0 1.0 16.0 
7.0 0.0 1.0 9.0 2.0 0.0 13.0 18.0 0.0 2.0 3.0 0.0 1.0 16.0 
7.0 0.0 2.0 1.0 0.0 0.0 13.0 30.0 0.0 3.0 0.0 0.0 0.0 16.0 
7.0 0.0 3.0 0.0 0.0 0.0 14.0 31.0 1.0 0.0 0.0 0.0 0.0 16.0 
7.0 1.0 4.0 2.0 0.0 1.0 15.0 33.0 1.0 1.0 2.0 2.0 2.0 1.0 
7.0 2.0 5.0 0.0 0.0 1.0 0.0 50.0 0.0 2.0 0.0 2.0 2.0 1.0 
8.0 0.0 5.0 0.0 0.0 1.0 0.0 53.0 0.0 0.0 0.0 3.0 0.0 2.0 
10.0 0.0 5.0 0.0 0.0 0.0 0.0 54.0 0.0 1.0 0.0 0.0 0.0 2.0 
11.0 1.0 0.0 0.0 0.0 0.0 0.0 55.0 0.0 0.0 0.0 1.0 1.0 3.0 
12.0 0.0 0.0 0.0 0.0 0.0 0.0 60.0 0.0 0.0 0.0 0.0 0.0 0.0 
