1.0 7.0 7.0 0.0 6.0 6.0 7.0 1.0 7.0 7.0 7.0 8.0 1.0 7.0 
2.0 8.0 0.0 0.0 6.0 6.0 7.0 1.0 7.0 8.0 8.0 10.0 1.0 8.0 
3.0 0.0 1.0 1.0 7.0 7.0 9.0 2.0 9.0 10.0 1.0 11.0 2.0 9.0 
4.0 2.0 3.0 3.0 0.0 8.0 10.0 3.0 0.0 10.0 2.0 12.0 4.0 11.0 
5.0 3.0 4.0 0.0 0.0 8.0 0.0 14.0 0.0 11.0 0.0 12.0 4.0 11.0 
6.0 0.0 4.0 0.0 0.0 8.0 0.0 14.0 0.0 11.0 0.0 12.0 5.0 12.0 
7.0 2.0 6.0 2.0 2.0 0.0 1.0 15.0 1.0 0.0 1.0 14.0 7.0 14.0 
8.0 4.0 0.0 3.0 3.0 1.0 2.0 17.0 1.0 2.0 4.0 2.0 9.0 16.0 
9.0 0.0 0.0 3.0 3.0 1.0 3.0 18.0 2.0 3.0 0.0 3.0 10.0 17.0 
27.0 0.0 1.0 4.0 0.0 1.0 4.0 19.0 3.0 0.0 0.0 3.0 10.0 0.0 
28.0 0.0 0.0 4.0 0.0 1.0 4.0 19.0 4.0 1.0 1.0 0.0 10.0 0.0 
29.0 1.0 1.0 0.0 0.0 1.0 4.0 19.0 4.0 2.0 0.0 0.0 10.0 1.0 
30.0 1.0 1.0 0.0 0.0 2.0 5.0 20.0 0.0 2.0 0.0 0.0 10.0 1.0 
30.0 1.0 2.0 2.0 0.0 3.0 6.0 23.0 1.0 1.0 1.0 1.0 0.0 1.0 
31.0 2.0 3.0 3.0 1.0 4.0 0.0 23.0 2.0 0.0 1.0 1.0 0.0 1.0 
32.0 0.0 3.0 3.0 1.0 4.0 0.0 23.0 2.0 0.0 1.0 1.0 0.0 2.0 
32.0 0.0 3.0 4.0 0.0 4.0 0.0 23.0 2.0 0.0 2.0 0.0 0.0 2.0 
33.0 1.0 0.0 4.0 0.0 4.0 1.0 24.0 0.0 0.0 2.0 0.0 0.0 3.0 
34.0 0.0 0.0 4.0 0.0 4.0 0.0 26.0 0.0 1.0 0.0 0.0 0.0 3.0 
35.0 1.0 1.0 0.0 0.0 4.0 0.0 26.0 0.0 1.0 0.0 0.0 0.0 4.0 
36.0 0.0 1.0 0.0 0.0 4.0 0.0 27.0 0.0 0.0 0.0 0.0 0.0 4.0 
45.0 0.0 0.0 0.0 0.0 0.0 0.0 27.0 0.0 0.0 0.0 0.0 0.0 0.0 
