1.0 7.0 7.0 7.0 0.0 6.0 6.0 0.0 6.0 6.0 6.0 6.0 7.0 7.0 
2.0 8.0 9.0 9.0 2.0 0.0 7.0 1.0 0.0 6.0 6.0 6.0 8.0 8.0 
3.0 0.0 9.0 9.0 3.0 1.0 9.0 2.0 2.0 8.0 8.0 8.0 1.0 9.0 
3.0 1.0 10.0 11.0 5.0 0.0 10.0 3.0 3.0 0.0 8.0 8.0 1.0 9.0 
6.0 2.0 11.0 0.0 5.0 0.0 11.0 3.0 4.0 0.0 9.0 10.0 1.0 10.0 
7.0 3.0 12.0 1.0 0.0 1.0 12.0 4.0 0.0 0.0 9.0 10.0 2.0 11.0 
7.0 5.0 14.0 0.0 1.0 2.0 13.0 5.0 1.0 1.0 10.0 0.0 2.0 11.0 
8.0 5.0 14.0 0.0 2.0 0.0 13.0 5.0 2.0 0.0 10.0 0.0 2.0 11.0 
8.0 5.0 15.0 1.0 0.0 0.0 14.0 6.0 0.0 0.0 10.0 0.0 2.0 11.0 
10.0 8.0 1.0 3.0 2.0 2.0 16.0 7.0 2.0 2.0 1.0 1.0 3.0 14.0 
11.0 0.0 1.0 3.0 2.0 2.0 18.0 8.0 1.0 3.0 2.0 2.0 4.0 15.0 
11.0 0.0 1.0 4.0 3.0 0.0 18.0 8.0 2.0 4.0 3.0 3.0 0.0 15.0 
12.0 1.0 2.0 0.0 3.0 0.0 18.0 9.0 4.0 6.0 1.0 0.0 0.0 16.0 
14.0 3.0 4.0 3.0 6.0 3.0 1.0 10.0 6.0 1.0 2.0 1.0 1.0 17.0 
15.0 0.0 4.0 3.0 6.0 3.0 1.0 10.0 6.0 1.0 2.0 1.0 2.0 18.0 
16.0 1.0 6.0 0.0 7.0 4.0 2.0 11.0 0.0 1.0 2.0 1.0 2.0 19.0 
17.0 2.0 0.0 0.0 7.0 4.0 0.0 14.0 0.0 0.0 3.0 2.0 3.0 20.0 
18.0 0.0 0.0 0.0 7.0 0.0 0.0 19.0 0.0 0.0 4.0 0.0 3.0 21.0 
19.0 1.0 1.0 1.0 0.0 0.0 0.0 20.0 0.0 0.0 5.0 2.0 1.0 22.0 
20.0 0.0 1.0 1.0 0.0 0.0 0.0 21.0 0.0 0.0 6.0 0.0 1.0 22.0 
43.0 0.0 0.0 1.0 0.0 0.0 0.0 21.0 0.0 0.0 6.0 0.0 1.0 0.0 
43.0 0.0 0.0 1.0 2.0 0.0 1.0 22.0 1.0 1.0 0.0 0.0 1.0 0.0 
45.0 0.0 0.0 2.0 0.0 0.0 1.0 22.0 2.0 0.0 0.0 0.0 0.0 0.0 
