1.0 7.0 7.0 7.0 7.0 7.0 0.0 0.0 6.0 6.0 6.0 6.0 6.0 6.0 
2.0 0.0 7.0 7.0 7.0 7.0 0.0 0.0 7.0 7.0 7.0 7.0 7.0 7.0 
3.0 2.0 9.0 9.0 9.0 0.0 1.0 1.0 0.0 7.0 7.0 8.0 8.0 8.0 
3.0 2.0 10.0 10.0 11.0 0.0 2.0 2.0 1.0 0.0 7.0 8.0 8.0 8.0 
4.0 3.0 11.0 12.0 0.0 2.0 4.0 3.0 3.0 2.0 1.0 9.0 9.0 9.0 
5.0 0.0 12.0 13.0 1.0 3.0 5.0 4.0 4.0 3.0 2.0 0.0 10.0 10.0 
5.0 0.0 12.0 14.0 0.0 3.0 6.0 5.0 5.0 0.0 2.0 0.0 10.0 10.0 
6.0 1.0 0.0 15.0 1.0 4.0 7.0 5.0 7.0 2.0 1.0 1.0 11.0 11.0 
8.0 4.0 3.0 1.0 3.0 6.0 9.0 6.0 1.0 3.0 2.0 2.0 12.0 12.0 
9.0 0.0 3.0 1.0 3.0 6.0 9.0 6.0 1.0 3.0 2.0 3.0 13.0 13.0 
9.0 0.0 4.0 0.0 3.0 6.0 10.0 7.0 2.0 0.0 2.0 3.0 13.0 13.0 
10.0 0.0 0.0 1.0 4.0 7.0 11.0 14.0 3.0 1.0 3.0 4.0 0.0 14.0 
11.0 1.0 1.0 2.0 0.0 7.0 11.0 14.0 3.0 1.0 3.0 4.0 0.0 14.0 
11.0 2.0 0.0 2.0 0.0 7.0 11.0 14.0 3.0 1.0 3.0 4.0 0.0 14.0 
11.0 3.0 1.0 0.0 0.0 8.0 12.0 15.0 0.0 1.0 3.0 4.0 0.0 14.0 
11.0 4.0 0.0 0.0 0.0 8.0 0.0 28.0 0.0 0.0 3.0 4.0 0.0 14.0 
12.0 0.0 0.0 0.0 0.0 8.0 0.0 31.0 0.0 0.0 0.0 5.0 1.0 15.0 
13.0 1.0 1.0 1.0 1.0 0.0 1.0 32.0 1.0 1.0 1.0 1.0 2.0 16.0 
13.0 2.0 0.0 1.0 1.0 0.0 1.0 32.0 1.0 2.0 0.0 1.0 2.0 16.0 
14.0 2.0 0.0 0.0 0.0 0.0 1.0 35.0 2.0 0.0 0.0 2.0 0.0 16.0 
15.0 0.0 0.0 0.0 0.0 0.0 1.0 36.0 2.0 0.0 1.0 0.0 0.0 17.0 
17.0 0.0 0.0 0.0 0.0 1.0 0.0 37.0 0.0 0.0 0.0 0.0 0.0 17.0 
17.0 1.0 2.0 0.0 1.0 2.0 1.0 38.0 1.0 2.0 2.0 2.0 2.0 1.0 
21.0 1.0 2.0 0.0 2.0 0.0 1.0 40.0 1.0 0.0 3.0 0.0 0.0 1.0 
22.0 1.0 0.0 1.0 0.0 0.0 1.0 44.0 0.0 0.0 3.0 0.0 0.0 0.0 
