1.0 7.0 0.0 6.0 6.0 7.0 7.0 1.0 7.0 7.0 8.0 1.0 7.0 7.0 
2.0 9.0 2.0 8.0 0.0 8.0 8.0 2.0 0.0 7.0 8.0 2.0 8.0 8.0 
2.0 9.0 3.0 10.0 0.0 9.0 9.0 3.0 1.0 8.0 0.0 2.0 8.0 8.0 
3.0 0.0 3.0 10.0 1.0 11.0 11.0 4.0 3.0 10.0 2.0 4.0 1.0 9.0 
4.0 0.0 4.0 11.0 2.0 12.0 12.0 5.0 4.0 0.0 2.0 4.0 2.0 10.0 
4.0 0.0 5.0 12.0 0.0 12.0 12.0 5.0 4.0 0.0 2.0 4.0 2.0 10.0 
5.0 1.0 0.0 13.0 1.0 13.0 13.0 7.0 0.0 1.0 3.0 1.0 3.0 11.0 
5.0 1.0 0.0 14.0 0.0 0.0 13.0 24.0 1.0 0.0 1.0 2.0 0.0 11.0 
6.0 2.0 2.0 1.0 1.0 1.0 14.0 25.0 2.0 1.0 1.0 3.0 1.0 12.0 
6.0 2.0 2.0 1.0 2.0 0.0 14.0 25.0 3.0 2.0 2.0 0.0 1.0 12.0 
6.0 2.0 3.0 0.0 3.0 1.0 15.0 27.0 0.0 0.0 2.0 0.0 1.0 12.0 
7.0 3.0 0.0 0.0 3.0 1.0 15.0 28.0 0.0 0.0 2.0 0.0 0.0 13.0 
7.0 4.0 1.0 1.0 0.0 1.0 0.0 44.0 0.0 1.0 0.0 0.0 0.0 13.0 
8.0 0.0 1.0 1.0 0.0 1.0 0.0 45.0 0.0 0.0 0.0 1.0 1.0 14.0 
8.0 0.0 2.0 0.0 0.0 1.0 0.0 45.0 0.0 0.0 0.0 2.0 0.0 14.0 
9.0 1.0 0.0 0.0 0.0 0.0 0.0 47.0 0.0 0.0 1.0 0.0 0.0 14.0 
10.0 0.0 0.0 0.0 0.0 0.0 0.0 62.0 0.0 0.0 0.0 0.0 0.0 0.0 
