1.0 7.0 7.0 0.0 6.0 6.0 6.0 0.0 6.0 6.0 6.0 7.0 7.0 7.0 
2.0 0.0 8.0 1.0 7.0 7.0 7.0 1.0 1.0 7.0 7.0 8.0 8.0 8.0 
3.0 1.0 10.0 3.0 0.0 8.0 8.0 3.0 1.0 0.0 8.0 9.0 9.0 9.0 
4.0 2.0 12.0 0.0 1.0 9.0 9.0 5.0 1.0 1.0 9.0 0.0 9.0 10.0 
4.0 3.0 14.0 2.0 0.0 10.0 10.0 6.0 2.0 2.0 0.0 0.0 9.0 10.0 
5.0 0.0 14.0 3.0 1.0 11.0 11.0 8.0 4.0 1.0 1.0 1.0 1.0 11.0 
5.0 0.0 15.0 4.0 0.0 12.0 12.0 9.0 0.0 1.0 1.0 1.0 1.0 11.0 
6.0 1.0 16.0 0.0 0.0 12.0 0.0 22.0 0.0 0.0 1.0 1.0 1.0 12.0 
7.0 0.0 16.0 0.0 0.0 0.0 0.0 35.0 0.0 0.0 0.0 1.0 1.0 12.0 
9.0 2.0 1.0 1.0 1.0 1.0 1.0 35.0 1.0 1.0 1.0 2.0 2.0 14.0 
9.0 2.0 2.0 0.0 1.0 1.0 1.0 35.0 1.0 2.0 0.0 2.0 2.0 14.0 
10.0 2.0 2.0 0.0 0.0 0.0 1.0 37.0 1.0 2.0 0.0 3.0 0.0 14.0 
11.0 3.0 0.0 0.0 0.0 0.0 0.0 40.0 0.0 3.0 1.0 0.0 0.0 14.0 
12.0 0.0 0.0 0.0 0.0 0.0 0.0 60.0 0.0 0.0 0.0 0.0 0.0 0.0 
