1.0 0.0 6.0 7.0 7.0 7.0 7.0 1.0 7.0 1.0 7.0 7.0 7.0 7.0 
2.0 2.0 8.0 9.0 0.0 8.0 8.0 2.0 0.0 1.0 8.0 8.0 8.0 8.0 
3.0 3.0 9.0 0.0 1.0 9.0 10.0 3.0 2.0 3.0 10.0 1.0 9.0 9.0 
4.0 4.0 10.0 1.0 2.0 0.0 11.0 4.0 0.0 3.0 11.0 2.0 10.0 10.0 
5.0 0.0 11.0 2.0 3.0 1.0 12.0 5.0 1.0 4.0 1.0 3.0 12.0 12.0 
18.0 0.0 12.0 0.0 3.0 1.0 12.0 5.0 1.0 5.0 0.0 3.0 12.0 0.0 
19.0 0.0 13.0 1.0 0.0 1.0 0.0 19.0 0.0 6.0 1.0 0.0 12.0 0.0 
19.0 0.0 13.0 3.0 2.0 0.0 1.0 20.0 1.0 0.0 1.0 0.0 12.0 0.0 
34.0 1.0 0.0 4.0 3.0 1.0 2.0 21.0 2.0 1.0 1.0 1.0 0.0 1.0 
35.0 2.0 1.0 0.0 3.0 1.0 2.0 21.0 3.0 0.0 1.0 1.0 0.0 2.0 
37.0 2.0 1.0 0.0 4.0 0.0 3.0 22.0 0.0 0.0 1.0 0.0 0.0 2.0 
38.0 3.0 2.0 1.0 0.0 0.0 3.0 23.0 0.0 0.0 0.0 0.0 0.0 2.0 
38.0 3.0 3.0 0.0 0.0 0.0 3.0 23.0 0.0 0.0 0.0 0.0 0.0 2.0 
39.0 0.0 3.0 0.0 0.0 0.0 3.0 24.0 0.0 0.0 0.0 0.0 2.0 1.0 
40.0 1.0 0.0 0.0 0.0 0.0 3.0 25.0 0.0 0.0 0.0 1.0 0.0 2.0 
41.0 1.0 0.0 0.0 1.0 1.0 0.0 26.0 0.0 0.0 0.0 0.0 0.0 2.0 
42.0 0.0 0.0 0.0 1.0 1.0 0.0 27.0 0.0 0.0 0.0 0.0 1.0 0.0 
42.0 0.0 0.0 0.0 2.0 0.0 0.0 27.0 0.0 0.0 0.0 0.0 1.0 0.0 
