1.0 7.0 7.0 7.0 0.0 6.0 6.0 0.0 6.0 6.0 6.0 6.0 7.0 7.0 
1.0 7.0 8.0 9.0 0.0 7.0 7.0 1.0 0.0 6.0 6.0 6.0 7.0 7.0 
2.0 8.0 0.0 9.0 0.0 8.0 8.0 2.0 2.0 8.0 8.0 1.0 8.0 8.0 
3.0 10.0 2.0 11.0 2.0 0.0 9.0 3.0 3.0 0.0 9.0 2.0 9.0 9.0 
3.0 10.0 3.0 12.0 0.0 1.0 10.0 4.0 0.0 0.0 9.0 2.0 9.0 9.0 
4.0 12.0 0.0 13.0 1.0 2.0 11.0 5.0 1.0 1.0 0.0 2.0 10.0 10.0 
4.0 12.0 2.0 15.0 0.0 3.0 12.0 7.0 1.0 2.0 1.0 3.0 0.0 10.0 
5.0 14.0 4.0 1.0 1.0 1.0 13.0 13.0 2.0 1.0 1.0 4.0 1.0 11.0 
5.0 14.0 5.0 0.0 1.0 1.0 13.0 13.0 2.0 2.0 0.0 4.0 1.0 11.0 
6.0 15.0 0.0 0.0 1.0 1.0 13.0 13.0 2.0 2.0 0.0 6.0 1.0 12.0 
8.0 1.0 1.0 1.0 2.0 2.0 14.0 13.0 3.0 3.0 1.0 8.0 1.0 14.0 
8.0 1.0 2.0 2.0 0.0 2.0 15.0 14.0 4.0 0.0 1.0 8.0 1.0 14.0 
8.0 2.0 3.0 0.0 0.0 0.0 15.0 17.0 4.0 0.0 0.0 8.0 1.0 14.0 
9.0 3.0 0.0 0.0 1.0 1.0 16.0 18.0 0.0 0.0 0.0 8.0 1.0 15.0 
11.0 3.0 0.0 0.0 2.0 2.0 17.0 19.0 1.0 1.0 1.0 0.0 0.0 15.0 
12.0 3.0 0.0 1.0 0.0 2.0 17.0 19.0 2.0 0.0 1.0 0.0 0.0 15.0 
13.0 3.0 0.0 0.0 0.0 0.0 17.0 22.0 2.0 0.0 0.0 0.0 0.0 15.0 
14.0 0.0 0.0 0.0 0.0 0.0 18.0 23.0 0.0 0.0 0.0 0.0 1.0 16.0 
15.0 2.0 2.0 2.0 2.0 2.0 1.0 24.0 1.0 1.0 1.0 1.0 1.0 17.0 
15.0 2.0 2.0 3.0 3.0 0.0 1.0 24.0 1.0 1.0 1.0 2.0 0.0 17.0 
16.0 3.0 3.0 0.0 3.0 0.0 1.0 24.0 2.0 0.0 1.0 2.0 0.0 17.0 
16.0 4.0 4.0 1.0 0.0 0.0 1.0 24.0 2.0 0.0 1.0 2.0 0.0 17.0 
17.0 0.0 4.0 1.0 0.0 0.0 1.0 25.0 2.0 0.0 0.0 3.0 1.0 18.0 
17.0 0.0 5.0 0.0 0.0 0.0 1.0 25.0 3.0 1.0 1.0 0.0 1.0 18.0 
18.0 1.0 0.0 0.0 0.0 0.0 1.0 25.0 4.0 0.0 1.0 1.0 2.0 19.0 
19.0 0.0 0.0 0.0 0.0 0.0 1.0 25.0 4.0 0.0 2.0 2.0 0.0 19.0 
20.0 0.0 0.0 0.0 0.0 0.0 0.0 52.0 0.0 0.0 0.0 0.0 0.0 0.0 
