1.0 7.0 7.0 0.0 6.0 6.0 6.0 0.0 6.0 6.0 6.0 7.0 7.0 7.0 
2.0 8.0 8.0 1.0 8.0 0.0 7.0 1.0 7.0 7.0 0.0 7.0 8.0 8.0 
3.0 0.0 8.0 1.0 9.0 1.0 9.0 2.0 9.0 9.0 2.0 9.0 1.0 9.0 
3.0 0.0 9.0 3.0 11.0 0.0 10.0 3.0 10.0 10.0 3.0 0.0 1.0 9.0 
4.0 2.0 11.0 0.0 0.0 1.0 11.0 18.0 0.0 11.0 0.0 1.0 2.0 11.0 
5.0 4.0 0.0 2.0 2.0 3.0 13.0 19.0 2.0 1.0 1.0 3.0 4.0 13.0 
5.0 5.0 1.0 0.0 2.0 3.0 13.0 19.0 3.0 0.0 1.0 3.0 4.0 13.0 
5.0 5.0 2.0 1.0 3.0 0.0 13.0 19.0 4.0 1.0 2.0 4.0 0.0 13.0 
5.0 5.0 3.0 0.0 3.0 0.0 13.0 19.0 5.0 2.0 0.0 4.0 0.0 13.0 
5.0 5.0 3.0 1.0 5.0 0.0 14.0 20.0 0.0 2.0 0.0 4.0 0.0 13.0 
6.0 6.0 0.0 1.0 5.0 0.0 0.0 39.0 0.0 0.0 1.0 0.0 0.0 14.0 
7.0 8.0 2.0 3.0 0.0 1.0 1.0 40.0 1.0 1.0 2.0 1.0 3.0 2.0 
8.0 9.0 0.0 3.0 0.0 1.0 1.0 40.0 2.0 0.0 2.0 1.0 3.0 2.0 
9.0 0.0 0.0 3.0 0.0 2.0 2.0 40.0 3.0 1.0 3.0 2.0 4.0 3.0 
14.0 0.0 0.0 4.0 1.0 0.0 3.0 41.0 0.0 1.0 3.0 2.0 0.0 3.0 
14.0 0.0 0.0 5.0 0.0 0.0 3.0 45.0 1.0 0.0 1.0 0.0 0.0 3.0 
15.0 1.0 1.0 0.0 0.0 0.0 3.0 46.0 0.0 0.0 2.0 1.0 2.0 1.0 
16.0 0.0 1.0 0.0 0.0 0.0 3.0 46.0 0.0 0.0 3.0 0.0 2.0 1.0 
18.0 0.0 0.0 0.0 0.0 0.0 3.0 46.0 0.0 0.0 3.0 0.0 2.0 0.0 
20.0 0.0 0.0 0.0 1.0 1.0 0.0 46.0 0.0 0.0 4.0 0.0 0.0 0.0 
20.0 0.0 0.0 0.0 2.0 0.0 1.0 47.0 1.0 1.0 0.0 0.0 0.0 0.0 
21.0 0.0 0.0 1.0 0.0 0.0 1.0 47.0 2.0 0.0 0.0 0.0 0.0 0.0 
