1.0 7.0 7.0 7.0 7.0 7.0 0.0 0.0 6.0 6.0 6.0 6.0 6.0 6.0 
2.0 0.0 7.0 7.0 7.0 7.0 0.0 0.0 7.0 7.0 7.0 7.0 7.0 7.0 
3.0 2.0 9.0 9.0 9.0 0.0 1.0 1.0 0.0 7.0 7.0 8.0 8.0 8.0 
4.0 3.0 11.0 11.0 0.0 1.0 2.0 2.0 2.0 1.0 8.0 9.0 9.0 9.0 
5.0 0.0 12.0 12.0 1.0 2.0 3.0 3.0 3.0 2.0 9.0 0.0 10.0 10.0 
18.0 2.0 0.0 14.0 3.0 4.0 5.0 4.0 5.0 4.0 1.0 1.0 0.0 11.0 
18.0 3.0 1.0 15.0 4.0 0.0 5.0 4.0 5.0 5.0 0.0 1.0 0.0 11.0 
19.0 4.0 2.0 17.0 6.0 2.0 0.0 5.0 0.0 5.0 0.0 1.0 0.0 11.0 
21.0 6.0 4.0 1.0 7.0 3.0 1.0 5.0 1.0 6.0 1.0 2.0 1.0 13.0 
21.0 6.0 5.0 2.0 8.0 0.0 1.0 5.0 1.0 6.0 1.0 3.0 0.0 13.0 
21.0 6.0 5.0 3.0 10.0 0.0 2.0 7.0 1.0 0.0 1.0 3.0 0.0 13.0 
22.0 7.0 0.0 3.0 10.0 0.0 2.0 7.0 2.0 1.0 2.0 1.0 1.0 14.0 
23.0 8.0 1.0 4.0 0.0 0.0 2.0 7.0 3.0 2.0 3.0 3.0 1.0 15.0 
24.0 9.0 2.0 0.0 0.0 0.0 2.0 7.0 3.0 2.0 3.0 4.0 0.0 16.0 
25.0 10.0 0.0 0.0 0.0 1.0 3.0 8.0 0.0 2.0 3.0 4.0 0.0 16.0 
30.0 10.0 0.0 0.0 1.0 2.0 0.0 8.0 0.0 2.0 3.0 0.0 0.0 16.0 
31.0 10.0 0.0 0.0 0.0 2.0 0.0 11.0 2.0 0.0 0.0 0.0 0.0 16.0 
32.0 10.0 0.0 0.0 1.0 0.0 1.0 12.0 0.0 0.0 0.0 0.0 0.0 16.0 
32.0 11.0 2.0 0.0 2.0 1.0 2.0 13.0 1.0 1.0 2.0 2.0 2.0 1.0 
37.0 0.0 2.0 0.0 3.0 2.0 3.0 13.0 3.0 3.0 1.0 0.0 3.0 2.0 
38.0 1.0 0.0 0.0 3.0 2.0 4.0 14.0 4.0 0.0 1.0 0.0 3.0 2.0 
39.0 1.0 0.0 0.0 4.0 0.0 4.0 14.0 4.0 0.0 1.0 0.0 3.0 2.0 
40.0 0.0 0.0 0.0 4.0 0.0 4.0 15.0 4.0 0.0 0.0 0.0 3.0 2.0 
41.0 1.0 1.0 1.0 0.0 0.0 4.0 15.0 4.0 0.0 0.0 0.0 3.0 2.0 
41.0 2.0 0.0 1.0 0.0 0.0 4.0 15.0 4.0 0.0 0.0 0.0 3.0 2.0 
42.0 0.0 0.0 1.0 0.0 0.0 4.0 16.0 4.0 0.0 1.0 1.0 0.0 3.0 
44.0 0.0 0.0 0.0 0.0 0.0 4.0 16.0 4.0 0.0 2.0 2.0 0.0 0.0 
47.0 0.0 0.0 0.0 0.0 1.0 5.0 17.0 0.0 0.0 2.0 0.0 0.0 0.0 
48.0 0.0 0.0 0.0 0.0 0.0 0.0 24.0 0.0 0.0 0.0 0.0 0.0 0.0 
