1.0 7.0 0.0 6.0 6.0 6.0 6.0 0.0 6.0 6.0 7.0 7.0 7.0 7.0 
2.0 8.0 2.0 8.0 0.0 7.0 7.0 1.0 0.0 6.0 7.0 8.0 8.0 8.0 
2.0 8.0 2.0 9.0 0.0 8.0 8.0 2.0 1.0 7.0 8.0 9.0 0.0 8.0 
2.0 8.0 3.0 11.0 0.0 9.0 9.0 3.0 2.0 0.0 8.0 9.0 0.0 8.0 
3.0 0.0 4.0 12.0 1.0 10.0 11.0 4.0 4.0 2.0 1.0 10.0 1.0 9.0 
6.0 2.0 6.0 0.0 3.0 12.0 13.0 6.0 7.0 2.0 3.0 0.0 2.0 10.0 
7.0 4.0 0.0 1.0 4.0 13.0 14.0 8.0 0.0 4.0 1.0 1.0 3.0 12.0 
11.0 4.0 0.0 0.0 4.0 14.0 15.0 9.0 1.0 0.0 1.0 1.0 0.0 12.0 
12.0 0.0 0.0 0.0 4.0 0.0 15.0 24.0 1.0 0.0 0.0 2.0 1.0 13.0 
13.0 1.0 1.0 1.0 6.0 2.0 1.0 25.0 2.0 1.0 2.0 1.0 2.0 14.0 
14.0 0.0 1.0 1.0 6.0 2.0 1.0 25.0 2.0 1.0 3.0 2.0 0.0 14.0 
14.0 0.0 2.0 0.0 6.0 2.0 1.0 25.0 2.0 1.0 3.0 2.0 0.0 14.0 
15.0 1.0 0.0 0.0 6.0 2.0 1.0 25.0 3.0 0.0 3.0 2.0 0.0 14.0 
16.0 0.0 0.0 0.0 6.0 2.0 1.0 25.0 3.0 0.0 3.0 2.0 0.0 14.0 
17.0 1.0 1.0 1.0 0.0 2.0 1.0 25.0 3.0 0.0 3.0 2.0 1.0 15.0 
17.0 2.0 0.0 1.0 0.0 2.0 1.0 25.0 3.0 0.0 3.0 3.0 0.0 15.0 
18.0 2.0 0.0 2.0 1.0 0.0 2.0 26.0 0.0 0.0 3.0 3.0 0.0 15.0 
19.0 0.0 0.0 2.0 1.0 0.0 0.0 29.0 0.0 1.0 4.0 0.0 0.0 16.0 
36.0 0.0 1.0 0.0 1.0 0.0 1.0 30.0 1.0 2.0 0.0 0.0 0.0 0.0 
