1.0 7.0 7.0 7.0 7.0 7.0 0.0 0.0 6.0 6.0 6.0 6.0 6.0 6.0 
2.0 8.0 8.0 0.0 7.0 7.0 0.0 0.0 6.0 6.0 7.0 7.0 7.0 7.0 
3.0 9.0 0.0 1.0 8.0 8.0 1.0 1.0 8.0 1.0 8.0 8.0 8.0 8.0 
4.0 10.0 1.0 2.0 0.0 9.0 2.0 2.0 9.0 3.0 10.0 10.0 1.0 9.0 
5.0 12.0 3.0 0.0 1.0 10.0 3.0 3.0 0.0 3.0 10.0 10.0 2.0 10.0 
16.0 12.0 3.0 0.0 0.0 10.0 3.0 3.0 0.0 3.0 10.0 0.0 2.0 10.0 
30.0 0.0 5.0 2.0 2.0 12.0 5.0 4.0 2.0 5.0 1.0 1.0 3.0 0.0 
31.0 0.0 6.0 0.0 2.0 12.0 6.0 5.0 0.0 5.0 1.0 1.0 3.0 0.0 
31.0 0.0 7.0 1.0 0.0 12.0 6.0 5.0 0.0 5.0 2.0 0.0 3.0 0.0 
31.0 0.0 8.0 0.0 0.0 12.0 0.0 12.0 0.0 6.0 0.0 0.0 3.0 0.0 
31.0 0.0 9.0 0.0 1.0 13.0 1.0 13.0 1.0 0.0 0.0 0.0 3.0 0.0 
33.0 0.0 9.0 0.0 0.0 0.0 1.0 28.0 0.0 0.0 1.0 0.0 0.0 0.0 
