1.0 7.0 7.0 7.0 7.0 7.0 0.0 0.0 6.0 6.0 6.0 6.0 6.0 6.0 
2.0 8.0 8.0 8.0 0.0 7.0 0.0 0.0 6.0 6.0 6.0 7.0 7.0 7.0 
3.0 9.0 9.0 9.0 2.0 0.0 1.0 1.0 7.0 7.0 7.0 1.0 8.0 8.0 
3.0 9.0 10.0 10.0 0.0 0.0 1.0 1.0 7.0 7.0 8.0 0.0 8.0 8.0 
4.0 10.0 0.0 11.0 2.0 2.0 3.0 2.0 9.0 1.0 9.0 1.0 9.0 9.0 
5.0 12.0 2.0 0.0 4.0 4.0 5.0 3.0 1.0 2.0 10.0 2.0 11.0 11.0 
6.0 0.0 3.0 1.0 5.0 5.0 6.0 3.0 2.0 4.0 12.0 1.0 12.0 12.0 
6.0 0.0 4.0 0.0 5.0 5.0 7.0 4.0 0.0 4.0 12.0 1.0 12.0 12.0 
7.0 1.0 5.0 1.0 0.0 5.0 7.0 4.0 0.0 4.0 13.0 0.0 12.0 13.0 
8.0 3.0 7.0 3.0 1.0 0.0 8.0 7.0 1.0 5.0 0.0 1.0 13.0 15.0 
9.0 0.0 7.0 3.0 2.0 1.0 9.0 8.0 2.0 0.0 0.0 1.0 14.0 16.0 
10.0 0.0 7.0 3.0 0.0 0.0 9.0 11.0 2.0 0.0 0.0 0.0 14.0 16.0 
11.0 1.0 0.0 3.0 0.0 0.0 10.0 12.0 0.0 1.0 1.0 1.0 15.0 17.0 
12.0 0.0 0.0 3.0 0.0 0.0 10.0 12.0 0.0 2.0 0.0 1.0 15.0 17.0 
13.0 1.0 1.0 4.0 1.0 1.0 0.0 12.0 0.0 2.0 1.0 2.0 16.0 18.0 
13.0 2.0 0.0 4.0 1.0 0.0 0.0 15.0 1.0 0.0 2.0 0.0 16.0 18.0 
14.0 3.0 1.0 0.0 1.0 0.0 0.0 15.0 2.0 1.0 0.0 0.0 16.0 19.0 
15.0 0.0 1.0 0.0 1.0 0.0 0.0 15.0 3.0 0.0 0.0 0.0 17.0 20.0 
36.0 0.0 0.0 0.0 1.0 1.0 1.0 16.0 0.0 0.0 0.0 0.0 17.0 0.0 
36.0 2.0 0.0 1.0 2.0 2.0 2.0 17.0 2.0 2.0 2.0 2.0 1.0 1.0 
38.0 2.0 0.0 2.0 0.0 2.0 3.0 18.0 0.0 2.0 2.0 2.0 0.0 1.0 
39.0 0.0 0.0 2.0 0.0 2.0 0.0 22.0 0.0 3.0 0.0 2.0 0.0 2.0 
42.0 0.0 1.0 0.0 0.0 2.0 1.0 23.0 1.0 0.0 0.0 2.0 0.0 0.0 
43.0 0.0 0.0 0.0 0.0 0.0 1.0 26.0 1.0 0.0 1.0 0.0 0.0 0.0 
