1.0 7.0 7.0 0.0 6.0 6.0 7.0 1.0 7.0 7.0 7.0 8.0 1.0 7.0 
2.0 0.0 7.0 1.0 7.0 7.0 8.0 2.0 9.0 9.0 9.0 1.0 2.0 8.0 
3.0 2.0 0.0 2.0 8.0 8.0 9.0 3.0 1.0 10.0 10.0 2.0 4.0 10.0 
4.0 0.0 1.0 3.0 9.0 9.0 10.0 5.0 1.0 11.0 0.0 2.0 5.0 12.0 
17.0 0.0 0.0 3.0 9.0 9.0 10.0 5.0 1.0 12.0 1.0 0.0 5.0 0.0 
18.0 2.0 2.0 0.0 10.0 0.0 11.0 20.0 1.0 0.0 3.0 2.0 1.0 2.0 
19.0 3.0 0.0 0.0 10.0 0.0 11.0 20.0 1.0 0.0 3.0 3.0 0.0 2.0 
20.0 0.0 0.0 0.0 10.0 0.0 11.0 20.0 1.0 0.0 3.0 3.0 1.0 3.0 
21.0 1.0 1.0 1.0 0.0 0.0 11.0 20.0 3.0 2.0 5.0 1.0 2.0 4.0 
22.0 0.0 1.0 1.0 0.0 1.0 12.0 21.0 4.0 3.0 0.0 1.0 2.0 4.0 
23.0 0.0 1.0 1.0 0.0 0.0 12.0 21.0 4.0 3.0 0.0 1.0 2.0 4.0 
28.0 0.0 0.0 1.0 0.0 0.0 12.0 22.0 4.0 3.0 0.0 0.0 2.0 0.0 
28.0 0.0 0.0 2.0 0.0 1.0 13.0 23.0 0.0 3.0 0.0 0.0 2.0 0.0 
29.0 0.0 0.0 2.0 0.0 0.0 14.0 24.0 1.0 0.0 0.0 0.0 2.0 0.0 
30.0 0.0 1.0 0.0 0.0 0.0 14.0 26.0 0.0 0.0 0.0 1.0 0.0 0.0 
