1.0 7.0 7.0 7.0 7.0 7.0 0.0 0.0 6.0 6.0 6.0 6.0 6.0 6.0 
2.0 8.0 8.0 0.0 7.0 7.0 0.0 0.0 6.0 6.0 7.0 7.0 7.0 7.0 
3.0 9.0 0.0 0.0 7.0 7.0 1.0 1.0 8.0 8.0 9.0 9.0 9.0 1.0 
3.0 10.0 2.0 0.0 8.0 8.0 2.0 2.0 9.0 0.0 9.0 9.0 9.0 1.0 
4.0 0.0 3.0 2.0 10.0 10.0 4.0 3.0 11.0 2.0 1.0 10.0 10.0 2.0 
4.0 2.0 5.0 4.0 12.0 12.0 0.0 4.0 12.0 3.0 2.0 0.0 10.0 2.0 
4.0 2.0 6.0 5.0 13.0 14.0 0.0 5.0 13.0 4.0 3.0 1.0 0.0 2.0 
5.0 3.0 0.0 5.0 13.0 14.0 0.0 6.0 14.0 5.0 1.0 3.0 2.0 1.0 
6.0 4.0 1.0 0.0 13.0 14.0 0.0 6.0 15.0 6.0 2.0 0.0 3.0 2.0 
7.0 0.0 1.0 0.0 13.0 14.0 0.0 7.0 15.0 6.0 2.0 1.0 5.0 1.0 
7.0 1.0 2.0 1.0 15.0 16.0 0.0 9.0 1.0 7.0 3.0 2.0 6.0 2.0 
7.0 1.0 3.0 0.0 15.0 16.0 1.0 10.0 2.0 8.0 4.0 3.0 0.0 2.0 
8.0 0.0 3.0 0.0 15.0 16.0 2.0 11.0 0.0 8.0 4.0 3.0 0.0 2.0 
8.0 0.0 3.0 0.0 16.0 17.0 0.0 11.0 0.0 8.0 4.0 3.0 0.0 2.0 
8.0 1.0 5.0 0.0 17.0 18.0 1.0 12.0 1.0 0.0 4.0 3.0 0.0 2.0 
9.0 2.0 0.0 0.0 17.0 18.0 2.0 13.0 2.0 1.0 0.0 4.0 1.0 3.0 
10.0 0.0 0.0 0.0 17.0 19.0 3.0 15.0 0.0 2.0 1.0 0.0 1.0 4.0 
12.0 2.0 2.0 2.0 1.0 1.0 4.0 36.0 2.0 1.0 1.0 1.0 2.0 5.0 
13.0 3.0 0.0 2.0 1.0 1.0 4.0 36.0 2.0 1.0 1.0 1.0 2.0 5.0 
13.0 4.0 1.0 0.0 1.0 1.0 4.0 36.0 2.0 1.0 1.0 1.0 2.0 5.0 
13.0 4.0 1.0 0.0 2.0 0.0 4.0 36.0 3.0 0.0 1.0 1.0 2.0 5.0 
13.0 4.0 2.0 1.0 0.0 0.0 4.0 36.0 3.0 0.0 2.0 2.0 0.0 5.0 
14.0 0.0 2.0 1.0 0.0 0.0 4.0 37.0 3.0 0.0 3.0 1.0 1.0 6.0 
15.0 1.0 0.0 1.0 1.0 1.0 5.0 39.0 0.0 1.0 0.0 1.0 1.0 6.0 
15.0 1.0 0.0 2.0 0.0 1.0 5.0 39.0 0.0 1.0 0.0 1.0 1.0 6.0 
15.0 2.0 1.0 0.0 0.0 1.0 5.0 39.0 0.0 1.0 0.0 2.0 0.0 6.0 
15.0 3.0 2.0 1.0 1.0 2.0 0.0 39.0 0.0 2.0 1.0 0.0 0.0 6.0 
16.0 0.0 2.0 1.0 1.0 2.0 1.0 42.0 0.0 1.0 2.0 1.0 2.0 1.0 
17.0 1.0 0.0 1.0 1.0 2.0 0.0 44.0 0.0 0.0 2.0 1.0 2.0 1.0 
17.0 1.0 0.0 2.0 2.0 0.0 0.0 44.0 0.0 0.0 2.0 1.0 2.0 1.0 
17.0 2.0 1.0 0.0 2.0 0.0 0.0 44.0 0.0 0.0 3.0 2.0 0.0 1.0 
18.0 0.0 0.0 0.0 2.0 0.0 0.0 47.0 1.0 1.0 0.0 2.0 0.0 1.0 
19.0 0.0 0.0 1.0 0.0 0.0 0.0 47.0 1.0 2.0 1.0 0.0 0.0 1.0 
20.0 0.0 0.0 0.0 0.0 0.0 0.0 52.0 0.0 0.0 0.0 0.0 0.0 0.0 
