1.0 7.0 7.0 7.0 7.0 0.0 6.0 0.0 6.0 6.0 6.0 6.0 6.0 7.0 
2.0 8.0 8.0 0.0 7.0 0.0 7.0 1.0 7.0 7.0 8.0 8.0 1.0 8.0 
3.0 9.0 0.0 1.0 8.0 1.0 9.0 2.0 9.0 1.0 9.0 9.0 2.0 9.0 
3.0 10.0 0.0 2.0 9.0 2.0 10.0 3.0 10.0 2.0 10.0 0.0 2.0 9.0 
4.0 12.0 2.0 1.0 0.0 3.0 11.0 8.0 1.0 3.0 11.0 1.0 4.0 11.0 
5.0 13.0 0.0 1.0 0.0 3.0 11.0 8.0 2.0 4.0 12.0 2.0 0.0 11.0 
6.0 13.0 0.0 2.0 1.0 0.0 11.0 8.0 2.0 4.0 12.0 2.0 0.0 11.0 
6.0 14.0 2.0 4.0 0.0 1.0 12.0 9.0 3.0 5.0 0.0 3.0 1.0 12.0 
6.0 14.0 2.0 5.0 0.0 2.0 13.0 10.0 4.0 0.0 0.0 3.0 1.0 12.0 
7.0 15.0 3.0 0.0 0.0 2.0 13.0 10.0 5.0 1.0 1.0 0.0 2.0 13.0 
9.0 1.0 4.0 1.0 1.0 3.0 14.0 10.0 6.0 3.0 1.0 1.0 3.0 15.0 
10.0 2.0 0.0 1.0 1.0 3.0 14.0 10.0 6.0 4.0 2.0 2.0 1.0 16.0 
12.0 2.0 0.0 2.0 2.0 0.0 14.0 10.0 7.0 5.0 0.0 2.0 0.0 16.0 
12.0 3.0 1.0 3.0 4.0 0.0 15.0 11.0 0.0 5.0 0.0 2.0 0.0 16.0 
13.0 0.0 1.0 3.0 4.0 0.0 15.0 11.0 0.0 6.0 1.0 0.0 1.0 17.0 
31.0 0.0 0.0 3.0 4.0 0.0 15.0 11.0 0.0 7.0 0.0 0.0 1.0 0.0 
32.0 1.0 2.0 0.0 5.0 1.0 16.0 12.0 1.0 0.0 0.0 0.0 1.0 1.0 
33.0 0.0 2.0 0.0 5.0 1.0 16.0 13.0 1.0 0.0 0.0 0.0 0.0 1.0 
34.0 1.0 3.0 1.0 0.0 1.0 16.0 13.0 1.0 0.0 0.0 0.0 0.0 2.0 
35.0 2.0 0.0 0.0 0.0 1.0 16.0 15.0 1.0 0.0 0.0 0.0 1.0 1.0 
36.0 0.0 0.0 0.0 0.0 1.0 16.0 16.0 0.0 0.0 0.0 0.0 2.0 1.0 
37.0 0.0 0.0 0.0 0.0 0.0 16.0 17.0 0.0 0.0 0.0 1.0 0.0 1.0 
38.0 1.0 1.0 2.0 2.0 2.0 1.0 18.0 1.0 1.0 1.0 2.0 1.0 1.0 
38.0 2.0 0.0 2.0 2.0 2.0 1.0 18.0 1.0 1.0 1.0 3.0 0.0 1.0 
39.0 2.0 0.0 3.0 0.0 2.0 0.0 21.0 0.0 2.0 2.0 0.0 0.0 1.0 
40.0 0.0 0.0 3.0 0.0 2.0 0.0 22.0 2.0 1.0 0.0 0.0 0.0 2.0 
41.0 1.0 1.0 0.0 0.0 2.0 1.0 23.0 0.0 1.0 0.0 0.0 0.0 2.0 
41.0 2.0 0.0 0.0 0.0 2.0 1.0 23.0 0.0 1.0 0.0 0.0 0.0 2.0 
42.0 0.0 0.0 0.0 0.0 2.0 1.0 24.0 0.0 1.0 0.0 0.0 1.0 1.0 
43.0 0.0 0.0 0.0 1.0 0.0 0.0 26.0 0.0 0.0 0.0 0.0 1.0 1.0 
44.0 0.0 0.0 0.0 0.0 0.0 0.0 28.0 0.0 0.0 0.0 0.0 0.0 0.0 
