1.0 7.0 0.0 6.0 6.0 6.0 6.0 0.0 6.0 6.0 7.0 7.0 7.0 7.0 
2.0 8.0 1.0 7.0 8.0 0.0 7.0 1.0 7.0 7.0 8.0 0.0 8.0 8.0 
3.0 0.0 2.0 8.0 9.0 1.0 9.0 2.0 9.0 1.0 9.0 1.0 9.0 9.0 
4.0 1.0 3.0 0.0 10.0 2.0 10.0 3.0 11.0 3.0 11.0 3.0 1.0 10.0 
5.0 0.0 3.0 0.0 10.0 2.0 10.0 3.0 11.0 3.0 11.0 4.0 0.0 10.0 
10.0 0.0 3.0 0.0 11.0 0.0 10.0 3.0 11.0 3.0 11.0 0.0 0.0 10.0 
10.0 1.0 4.0 1.0 13.0 0.0 11.0 4.0 0.0 3.0 12.0 1.0 1.0 11.0 
11.0 0.0 4.0 1.0 13.0 0.0 11.0 4.0 0.0 3.0 13.0 0.0 1.0 11.0 
27.0 1.0 5.0 2.0 0.0 1.0 12.0 4.0 1.0 4.0 0.0 1.0 2.0 12.0 
28.0 0.0 5.0 2.0 0.0 1.0 12.0 5.0 1.0 4.0 0.0 0.0 2.0 12.0 
29.0 1.0 0.0 2.0 0.0 1.0 12.0 5.0 1.0 4.0 0.0 1.0 3.0 13.0 
31.0 1.0 0.0 2.0 0.0 0.0 12.0 5.0 1.0 5.0 0.0 2.0 0.0 13.0 
32.0 0.0 0.0 2.0 0.0 0.0 12.0 6.0 0.0 6.0 1.0 0.0 0.0 13.0 
33.0 1.0 1.0 3.0 1.0 1.0 0.0 6.0 1.0 7.0 2.0 1.0 1.0 14.0 
33.0 1.0 1.0 4.0 0.0 1.0 0.0 6.0 2.0 8.0 0.0 1.0 1.0 14.0 
34.0 2.0 2.0 0.0 0.0 1.0 0.0 7.0 2.0 8.0 0.0 0.0 1.0 15.0 
34.0 3.0 4.0 0.0 1.0 2.0 1.0 8.0 3.0 0.0 0.0 0.0 1.0 15.0 
35.0 0.0 4.0 0.0 1.0 2.0 1.0 9.0 3.0 0.0 0.0 0.0 1.0 16.0 
36.0 0.0 4.0 0.0 2.0 0.0 1.0 10.0 3.0 0.0 0.0 0.0 0.0 16.0 
36.0 0.0 4.0 0.0 3.0 0.0 2.0 11.0 0.0 0.0 0.0 0.0 0.0 16.0 
36.0 1.0 6.0 0.0 4.0 1.0 3.0 12.0 1.0 1.0 2.0 2.0 2.0 1.0 
37.0 2.0 0.0 0.0 4.0 1.0 0.0 17.0 0.0 2.0 1.0 3.0 3.0 2.0 
38.0 0.0 0.0 0.0 4.0 1.0 0.0 17.0 0.0 3.0 0.0 3.0 3.0 3.0 
39.0 1.0 1.0 1.0 0.0 1.0 1.0 18.0 1.0 0.0 0.0 3.0 3.0 3.0 
40.0 0.0 1.0 1.0 0.0 1.0 1.0 18.0 1.0 0.0 0.0 3.0 3.0 3.0 
44.0 0.0 0.0 1.0 0.0 1.0 1.0 18.0 1.0 0.0 0.0 3.0 3.0 0.0 
48.0 0.0 0.0 0.0 0.0 1.0 1.0 18.0 2.0 1.0 1.0 0.0 0.0 0.0 
50.0 0.0 0.0 0.0 0.0 0.0 1.0 18.0 3.0 0.0 0.0 0.0 0.0 0.0 
