1.0 0.0 6.0 6.0 6.0 6.0 6.0 0.0 6.0 7.0 7.0 7.0 7.0 7.0 
2.0 1.0 0.0 7.0 7.0 7.0 7.0 1.0 0.0 8.0 8.0 8.0 8.0 8.0 
3.0 3.0 2.0 0.0 8.0 8.0 8.0 2.0 1.0 1.0 9.0 9.0 9.0 9.0 
4.0 5.0 4.0 2.0 0.0 9.0 9.0 4.0 1.0 3.0 1.0 10.0 10.0 10.0 
5.0 0.0 4.0 2.0 0.0 9.0 10.0 5.0 2.0 0.0 2.0 11.0 11.0 11.0 
17.0 0.0 5.0 0.0 0.0 9.0 11.0 6.0 0.0 0.0 2.0 11.0 11.0 0.0 
17.0 0.0 6.0 2.0 0.0 10.0 12.0 9.0 1.0 1.0 3.0 0.0 11.0 0.0 
18.0 1.0 0.0 2.0 0.0 10.0 0.0 23.0 0.0 0.0 4.0 1.0 12.0 1.0 
19.0 0.0 1.0 3.0 1.0 11.0 1.0 24.0 1.0 1.0 5.0 2.0 0.0 3.0 
20.0 1.0 2.0 0.0 1.0 11.0 1.0 24.0 2.0 0.0 5.0 2.0 0.0 3.0 
23.0 1.0 2.0 0.0 0.0 11.0 1.0 24.0 2.0 0.0 5.0 0.0 0.0 3.0 
24.0 2.0 3.0 1.0 1.0 0.0 3.0 25.0 4.0 2.0 1.0 1.0 1.0 4.0 
24.0 2.0 4.0 0.0 2.0 1.0 4.0 26.0 0.0 2.0 1.0 1.0 1.0 4.0 
24.0 2.0 5.0 1.0 0.0 1.0 4.0 26.0 0.0 3.0 0.0 1.0 1.0 4.0 
25.0 3.0 0.0 1.0 0.0 1.0 5.0 27.0 1.0 0.0 0.0 2.0 2.0 5.0 
29.0 3.0 0.0 0.0 0.0 1.0 0.0 34.0 0.0 1.0 1.0 3.0 0.0 0.0 
30.0 3.0 0.0 0.0 0.0 0.0 0.0 34.0 0.0 2.0 0.0 3.0 0.0 0.0 
31.0 0.0 0.0 0.0 0.0 0.0 0.0 41.0 0.0 0.0 0.0 0.0 0.0 0.0 
