1.0 7.0 7.0 7.0 8.0 0.0 7.0 1.0 7.0 7.0 0.0 6.0 7.0 7.0 
1.0 8.0 8.0 8.0 10.0 0.0 8.0 2.0 0.0 7.0 0.0 6.0 7.0 7.0 
2.0 9.0 10.0 10.0 0.0 1.0 10.0 3.0 2.0 1.0 1.0 7.0 8.0 8.0 
2.0 9.0 10.0 11.0 0.0 2.0 11.0 4.0 3.0 2.0 2.0 0.0 8.0 8.0 
2.0 9.0 10.0 12.0 0.0 3.0 12.0 6.0 5.0 1.0 3.0 1.0 0.0 8.0 
2.0 11.0 12.0 14.0 2.0 0.0 13.0 9.0 0.0 0.0 0.0 1.0 0.0 8.0 
3.0 12.0 14.0 1.0 1.0 1.0 14.0 12.0 1.0 1.0 1.0 1.0 1.0 9.0 
4.0 14.0 1.0 2.0 2.0 2.0 15.0 12.0 2.0 2.0 2.0 3.0 1.0 10.0 
4.0 14.0 1.0 3.0 3.0 0.0 15.0 13.0 4.0 1.0 3.0 0.0 1.0 10.0 
6.0 1.0 2.0 1.0 4.0 1.0 16.0 18.0 6.0 3.0 1.0 1.0 1.0 11.0 
7.0 0.0 2.0 1.0 4.0 1.0 16.0 18.0 6.0 3.0 1.0 1.0 1.0 11.0 
8.0 1.0 0.0 1.0 4.0 1.0 16.0 18.0 6.0 3.0 1.0 1.0 1.0 11.0 
10.0 1.0 0.0 0.0 4.0 1.0 16.0 18.0 6.0 3.0 1.0 1.0 0.0 11.0 
11.0 0.0 0.0 0.0 4.0 1.0 16.0 18.0 6.0 3.0 2.0 0.0 0.0 11.0 
11.0 0.0 0.0 0.0 5.0 0.0 16.0 18.0 6.0 3.0 2.0 0.0 0.0 11.0 
12.0 1.0 1.0 1.0 0.0 0.0 17.0 19.0 7.0 0.0 2.0 0.0 0.0 12.0 
13.0 0.0 2.0 2.0 1.0 1.0 18.0 20.0 0.0 0.0 2.0 0.0 0.0 13.0 
14.0 1.0 0.0 2.0 1.0 1.0 0.0 39.0 0.0 1.0 0.0 0.0 0.0 13.0 
14.0 1.0 0.0 3.0 0.0 1.0 0.0 39.0 0.0 1.0 0.0 0.0 0.0 13.0 
15.0 1.0 0.0 3.0 0.0 0.0 0.0 40.0 0.0 0.0 0.0 0.0 0.0 13.0 
16.0 0.0 0.0 4.0 1.0 1.0 1.0 44.0 1.0 1.0 1.0 1.0 1.0 0.0 
16.0 0.0 0.0 5.0 0.0 1.0 1.0 44.0 1.0 2.0 0.0 1.0 1.0 0.0 
16.0 0.0 0.0 5.0 0.0 2.0 0.0 47.0 0.0 0.0 0.0 2.0 0.0 0.0 
17.0 1.0 1.0 0.0 0.0 0.0 0.0 50.0 0.0 0.0 1.0 0.0 1.0 1.0 
17.0 2.0 0.0 0.0 0.0 0.0 0.0 51.0 0.0 0.0 1.0 0.0 0.0 1.0 
18.0 0.0 0.0 0.0 0.0 0.0 0.0 54.0 0.0 0.0 0.0 0.0 0.0 0.0 
