1.0 0.0 6.0 6.0 7.0 7.0 7.0 1.0 7.0 8.0 1.0 7.0 7.0 7.0 
2.0 0.0 7.0 7.0 8.0 8.0 8.0 2.0 8.0 0.0 1.0 7.0 7.0 7.0 
3.0 1.0 8.0 0.0 8.0 8.0 8.0 2.0 8.0 0.0 2.0 8.0 8.0 8.0 
3.0 1.0 9.0 0.0 9.0 9.0 9.0 3.0 9.0 1.0 3.0 0.0 8.0 8.0 
4.0 2.0 10.0 1.0 11.0 0.0 10.0 4.0 10.0 3.0 5.0 2.0 1.0 9.0 
5.0 0.0 11.0 2.0 12.0 1.0 11.0 5.0 0.0 3.0 5.0 3.0 3.0 11.0 
6.0 1.0 0.0 2.0 13.0 2.0 13.0 6.0 2.0 1.0 6.0 4.0 4.0 12.0 
7.0 0.0 0.0 2.0 13.0 2.0 13.0 6.0 3.0 2.0 7.0 5.0 0.0 12.0 
17.0 1.0 1.0 3.0 0.0 3.0 14.0 6.0 4.0 3.0 0.0 6.0 1.0 13.0 
18.0 0.0 1.0 3.0 0.0 4.0 15.0 7.0 5.0 4.0 1.0 0.0 1.0 13.0 
32.0 0.0 0.0 3.0 0.0 4.0 15.0 7.0 5.0 4.0 1.0 0.0 1.0 0.0 
33.0 1.0 1.0 4.0 1.0 0.0 16.0 8.0 6.0 0.0 1.0 0.0 1.0 0.0 
34.0 0.0 1.0 4.0 1.0 0.0 16.0 8.0 6.0 0.0 1.0 0.0 1.0 0.0 
35.0 1.0 2.0 0.0 1.0 0.0 16.0 8.0 6.0 0.0 1.0 0.0 1.0 1.0 
36.0 0.0 3.0 1.0 2.0 1.0 17.0 9.0 0.0 0.0 1.0 0.0 1.0 1.0 
36.0 0.0 3.0 1.0 3.0 0.0 17.0 9.0 0.0 0.0 1.0 0.0 1.0 1.0 
37.0 1.0 0.0 1.0 3.0 0.0 17.0 9.0 0.0 0.0 1.0 0.0 2.0 1.0 
38.0 1.0 0.0 0.0 3.0 0.0 17.0 9.0 0.0 0.0 2.0 1.0 0.0 1.0 
39.0 0.0 0.0 0.0 3.0 0.0 0.0 27.0 0.0 1.0 0.0 1.0 0.0 1.0 
41.0 0.0 1.0 1.0 0.0 0.0 0.0 27.0 0.0 1.0 0.0 1.0 0.0 0.0 
41.0 0.0 2.0 0.0 0.0 0.0 0.0 28.0 0.0 1.0 0.0 0.0 0.0 0.0 
