1.0 7.0 7.0 7.0 8.0 0.0 7.0 2.0 8.0 8.0 8.0 0.0 8.0 1.0 
2.0 0.0 8.0 8.0 9.0 1.0 8.0 3.0 10.0 10.0 1.0 1.0 9.0 2.0 
3.0 1.0 9.0 0.0 10.0 2.0 9.0 4.0 12.0 12.0 3.0 3.0 1.0 3.0 
4.0 3.0 11.0 2.0 0.0 3.0 11.0 5.0 1.0 14.0 5.0 5.0 3.0 5.0 
5.0 0.0 11.0 2.0 0.0 3.0 12.0 6.0 2.0 15.0 6.0 0.0 4.0 6.0 
6.0 2.0 13.0 0.0 1.0 4.0 13.0 8.0 5.0 0.0 7.0 1.0 5.0 7.0 
6.0 3.0 14.0 1.0 2.0 0.0 13.0 8.0 5.0 0.0 7.0 1.0 5.0 7.0 
6.0 4.0 15.0 0.0 3.0 1.0 14.0 9.0 0.0 0.0 7.0 1.0 5.0 7.0 
6.0 4.0 15.0 0.0 4.0 0.0 14.0 9.0 0.0 0.0 8.0 0.0 5.0 7.0 
7.0 5.0 17.0 2.0 0.0 1.0 15.0 10.0 1.0 1.0 0.0 0.0 5.0 8.0 
8.0 5.0 17.0 2.0 0.0 0.0 0.0 27.0 0.0 0.0 0.0 0.0 5.0 8.0 
9.0 0.0 17.0 2.0 0.0 1.0 1.0 28.0 1.0 1.0 2.0 2.0 7.0 1.0 
11.0 0.0 18.0 0.0 0.0 1.0 1.0 28.0 2.0 0.0 2.0 2.0 7.0 0.0 
13.0 2.0 1.0 1.0 1.0 2.0 3.0 29.0 1.0 1.0 3.0 4.0 9.0 2.0 
14.0 0.0 1.0 1.0 1.0 2.0 0.0 34.0 0.0 0.0 3.0 4.0 9.0 3.0 
14.0 0.0 1.0 2.0 0.0 2.0 0.0 36.0 2.0 3.0 0.0 0.0 9.0 3.0 
18.0 0.0 0.0 3.0 1.0 3.0 1.0 37.0 3.0 4.0 1.0 1.0 0.0 0.0 
19.0 0.0 1.0 4.0 2.0 0.0 2.0 38.0 0.0 4.0 1.0 1.0 0.0 0.0 
19.0 0.0 2.0 5.0 0.0 1.0 3.0 39.0 1.0 0.0 1.0 1.0 0.0 0.0 
20.0 1.0 0.0 5.0 0.0 0.0 3.0 42.0 0.0 0.0 0.0 1.0 0.0 0.0 
21.0 2.0 1.0 0.0 0.0 0.0 3.0 42.0 0.0 0.0 0.0 1.0 1.0 1.0 
21.0 3.0 0.0 0.0 0.0 0.0 3.0 43.0 0.0 0.0 0.0 0.0 1.0 1.0 
22.0 0.0 0.0 0.0 0.0 0.0 3.0 44.0 0.0 0.0 0.0 0.0 1.0 2.0 
23.0 0.0 0.0 0.0 1.0 1.0 0.0 45.0 0.0 0.0 0.0 0.0 2.0 0.0 
24.0 0.0 0.0 0.0 0.0 0.0 0.0 48.0 0.0 0.0 0.0 0.0 0.0 0.0 
