1.0 0.0 6.0 6.0 6.0 6.0 6.0 0.0 6.0 7.0 7.0 7.0 7.0 7.0 
2.0 1.0 8.0 8.0 0.0 7.0 7.0 1.0 0.0 7.0 7.0 8.0 8.0 8.0 
3.0 2.0 9.0 10.0 2.0 0.0 8.0 2.0 1.0 8.0 8.0 1.0 9.0 9.0 
4.0 3.0 0.0 10.0 2.0 0.0 9.0 2.0 2.0 9.0 10.0 1.0 10.0 10.0 
5.0 4.0 1.0 0.0 2.0 0.0 11.0 3.0 1.0 10.0 11.0 2.0 11.0 11.0 
6.0 0.0 2.0 1.0 3.0 1.0 12.0 4.0 2.0 11.0 1.0 3.0 13.0 13.0 
6.0 0.0 3.0 0.0 3.0 1.0 12.0 4.0 2.0 12.0 0.0 3.0 13.0 13.0 
20.0 0.0 4.0 1.0 0.0 1.0 12.0 4.0 3.0 13.0 1.0 0.0 13.0 0.0 
20.0 0.0 5.0 0.0 0.0 2.0 13.0 5.0 0.0 13.0 1.0 0.0 13.0 0.0 
20.0 1.0 6.0 2.0 0.0 0.0 14.0 10.0 1.0 0.0 2.0 1.0 14.0 1.0 
20.0 2.0 7.0 0.0 0.0 0.0 14.0 10.0 1.0 0.0 3.0 0.0 14.0 1.0 
21.0 4.0 0.0 1.0 1.0 1.0 15.0 11.0 3.0 2.0 5.0 3.0 2.0 3.0 
22.0 0.0 0.0 1.0 1.0 1.0 15.0 11.0 3.0 2.0 6.0 5.0 1.0 4.0 
24.0 0.0 0.0 0.0 1.0 2.0 16.0 12.0 0.0 2.0 6.0 5.0 0.0 4.0 
31.0 0.0 0.0 0.0 0.0 2.0 16.0 12.0 0.0 3.0 7.0 0.0 1.0 0.0 
32.0 0.0 0.0 0.0 1.0 0.0 17.0 13.0 1.0 0.0 7.0 0.0 1.0 0.0 
32.0 0.0 0.0 1.0 3.0 0.0 18.0 14.0 2.0 1.0 0.0 0.0 1.0 0.0 
34.0 0.0 0.0 0.0 3.0 0.0 19.0 15.0 0.0 1.0 0.0 0.0 0.0 0.0 
