1.0 0.0 6.0 6.0 6.0 6.0 6.0 0.0 6.0 7.0 7.0 7.0 7.0 7.0 
2.0 1.0 0.0 6.0 6.0 7.0 7.0 1.0 7.0 8.0 9.0 9.0 1.0 8.0 
3.0 2.0 2.0 8.0 8.0 0.0 8.0 2.0 8.0 9.0 10.0 1.0 2.0 9.0 
3.0 3.0 3.0 9.0 10.0 0.0 9.0 3.0 9.0 0.0 10.0 1.0 2.0 10.0 
4.0 5.0 5.0 11.0 0.0 1.0 11.0 4.0 11.0 2.0 1.0 2.0 3.0 12.0 
7.0 6.0 6.0 0.0 0.0 0.0 12.0 7.0 13.0 0.0 1.0 3.0 4.0 13.0 
8.0 7.0 0.0 0.0 0.0 0.0 12.0 7.0 14.0 1.0 3.0 5.0 1.0 14.0 
9.0 0.0 1.0 1.0 1.0 2.0 15.0 10.0 3.0 4.0 6.0 1.0 3.0 16.0 
9.0 0.0 2.0 2.0 2.0 0.0 16.0 11.0 0.0 4.0 6.0 1.0 3.0 16.0 
9.0 0.0 3.0 3.0 0.0 0.0 16.0 11.0 0.0 5.0 7.0 2.0 0.0 16.0 
10.0 1.0 4.0 0.0 1.0 1.0 17.0 12.0 1.0 0.0 7.0 2.0 0.0 16.0 
10.0 1.0 4.0 0.0 2.0 0.0 17.0 12.0 1.0 0.0 7.0 2.0 0.0 16.0 
10.0 2.0 5.0 2.0 0.0 1.0 18.0 14.0 1.0 1.0 0.0 2.0 0.0 16.0 
11.0 0.0 5.0 2.0 0.0 1.0 18.0 14.0 1.0 2.0 1.0 0.0 0.0 17.0 
29.0 0.0 6.0 0.0 0.0 0.0 18.0 17.0 2.0 0.0 0.0 0.0 0.0 0.0 
