1.0 7.0 0.0 6.0 6.0 6.0 6.0 0.0 6.0 6.0 7.0 7.0 7.0 7.0 
2.0 8.0 1.0 7.0 8.0 0.0 7.0 1.0 7.0 7.0 8.0 0.0 8.0 8.0 
3.0 0.0 1.0 7.0 9.0 1.0 9.0 2.0 9.0 9.0 10.0 2.0 1.0 9.0 
13.0 0.0 0.0 7.0 9.0 1.0 9.0 2.0 9.0 10.0 11.0 0.0 1.0 0.0 
13.0 1.0 1.0 9.0 11.0 0.0 10.0 3.0 10.0 0.0 11.0 0.0 2.0 1.0 
14.0 2.0 2.0 0.0 11.0 0.0 10.0 3.0 11.0 1.0 13.0 2.0 1.0 2.0 
15.0 0.0 2.0 0.0 11.0 0.0 10.0 3.0 11.0 2.0 14.0 0.0 1.0 3.0 
16.0 1.0 3.0 1.0 0.0 0.0 11.0 4.0 12.0 3.0 15.0 1.0 1.0 4.0 
17.0 2.0 0.0 1.0 0.0 0.0 12.0 5.0 13.0 0.0 15.0 1.0 1.0 5.0 
17.0 3.0 1.0 2.0 2.0 0.0 13.0 6.0 15.0 2.0 1.0 2.0 2.0 6.0 
18.0 0.0 1.0 2.0 2.0 0.0 13.0 6.0 15.0 3.0 2.0 0.0 3.0 7.0 
26.0 0.0 0.0 2.0 2.0 0.0 13.0 6.0 16.0 4.0 0.0 0.0 3.0 0.0 
30.0 0.0 0.0 3.0 0.0 1.0 14.0 7.0 17.0 0.0 0.0 0.0 0.0 0.0 
31.0 2.0 2.0 0.0 2.0 3.0 16.0 9.0 1.0 1.0 1.0 1.0 1.0 2.0 
31.0 2.0 3.0 1.0 0.0 3.0 16.0 9.0 1.0 2.0 0.0 1.0 1.0 2.0 
32.0 0.0 3.0 1.0 0.0 3.0 16.0 9.0 1.0 2.0 0.0 2.0 0.0 3.0 
32.0 0.0 4.0 0.0 0.0 0.0 16.0 14.0 2.0 0.0 1.0 0.0 0.0 3.0 
33.0 1.0 0.0 0.0 0.0 0.0 16.0 15.0 2.0 0.0 0.0 0.0 1.0 4.0 
34.0 0.0 0.0 0.0 0.0 0.0 16.0 16.0 2.0 0.0 0.0 0.0 0.0 4.0 
35.0 1.0 1.0 2.0 2.0 2.0 1.0 16.0 3.0 1.0 1.0 1.0 1.0 5.0 
35.0 2.0 0.0 2.0 2.0 2.0 1.0 16.0 4.0 0.0 1.0 1.0 1.0 5.0 
35.0 2.0 0.0 3.0 3.0 0.0 1.0 16.0 4.0 0.0 1.0 2.0 0.0 5.0 
35.0 3.0 1.0 4.0 0.0 0.0 1.0 17.0 4.0 0.0 2.0 0.0 0.0 5.0 
36.0 0.0 1.0 4.0 0.0 0.0 1.0 17.0 5.0 1.0 0.0 0.0 1.0 6.0 
43.0 0.0 0.0 4.0 0.0 0.0 1.0 17.0 6.0 0.0 0.0 0.0 1.0 0.0 
44.0 0.0 0.0 5.0 1.0 1.0 2.0 18.0 0.0 0.0 0.0 0.0 1.0 0.0 
