1.0 7.0 8.0 8.0 8.0 0.0 7.0 1.0 0.0 6.0 6.0 6.0 7.0 7.0 
2.0 8.0 9.0 0.0 8.0 1.0 8.0 2.0 1.0 8.0 8.0 1.0 8.0 8.0 
5.0 8.0 9.0 0.0 10.0 0.0 9.0 3.0 2.0 9.0 9.0 0.0 0.0 8.0 
6.0 9.0 10.0 1.0 0.0 0.0 10.0 4.0 1.0 10.0 10.0 1.0 1.0 9.0 
6.0 10.0 11.0 2.0 2.0 0.0 11.0 5.0 2.0 11.0 0.0 1.0 1.0 10.0 
6.0 10.0 12.0 3.0 0.0 0.0 12.0 6.0 0.0 11.0 0.0 1.0 1.0 10.0 
7.0 12.0 14.0 0.0 1.0 1.0 13.0 7.0 1.0 0.0 0.0 2.0 2.0 12.0 
8.0 0.0 15.0 1.0 2.0 1.0 14.0 9.0 2.0 1.0 2.0 1.0 3.0 13.0 
8.0 0.0 16.0 0.0 2.0 1.0 14.0 9.0 3.0 2.0 0.0 1.0 3.0 13.0 
8.0 0.0 17.0 1.0 0.0 2.0 15.0 10.0 0.0 2.0 0.0 1.0 3.0 13.0 
8.0 0.0 18.0 0.0 0.0 2.0 15.0 11.0 0.0 2.0 0.0 0.0 3.0 13.0 
10.0 2.0 1.0 1.0 1.0 1.0 16.0 16.0 1.0 1.0 2.0 3.0 2.0 15.0 
11.0 0.0 1.0 1.0 1.0 1.0 16.0 16.0 1.0 1.0 3.0 4.0 0.0 16.0 
11.0 0.0 2.0 0.0 1.0 1.0 0.0 34.0 0.0 0.0 3.0 4.0 0.0 16.0 
12.0 1.0 0.0 0.0 1.0 1.0 1.0 36.0 2.0 2.0 0.0 0.0 0.0 16.0 
13.0 0.0 0.0 0.0 1.0 1.0 1.0 36.0 2.0 2.0 0.0 0.0 0.0 16.0 
14.0 0.0 0.0 0.0 0.0 1.0 1.0 36.0 2.0 2.0 0.0 0.0 0.0 16.0 
15.0 0.0 0.0 0.0 1.0 0.0 2.0 38.0 0.0 0.0 0.0 0.0 0.0 16.0 
15.0 1.0 2.0 0.0 2.0 1.0 3.0 39.0 1.0 1.0 2.0 2.0 2.0 1.0 
16.0 2.0 0.0 0.0 2.0 1.0 0.0 44.0 0.0 2.0 0.0 2.0 2.0 1.0 
19.0 2.0 0.0 1.0 0.0 1.0 0.0 44.0 0.0 2.0 0.0 2.0 0.0 1.0 
20.0 0.0 0.0 1.0 0.0 0.0 0.0 48.0 0.0 0.0 1.0 0.0 0.0 2.0 
21.0 0.0 0.0 0.0 0.0 0.0 0.0 51.0 0.0 0.0 0.0 0.0 0.0 0.0 
