1.0 7.0 0.0 6.0 6.0 6.0 6.0 0.0 6.0 6.0 7.0 7.0 7.0 7.0 
2.0 8.0 1.0 0.0 7.0 7.0 7.0 1.0 7.0 0.0 8.0 8.0 8.0 8.0 
3.0 10.0 3.0 2.0 9.0 0.0 8.0 2.0 0.0 0.0 8.0 9.0 9.0 9.0 
4.0 11.0 4.0 0.0 10.0 1.0 9.0 3.0 1.0 1.0 9.0 10.0 0.0 9.0 
17.0 0.0 4.0 0.0 11.0 2.0 10.0 3.0 2.0 2.0 10.0 0.0 1.0 10.0 
18.0 0.0 4.0 0.0 12.0 0.0 10.0 5.0 3.0 0.0 10.0 0.0 0.0 10.0 
21.0 2.0 6.0 2.0 0.0 2.0 12.0 6.0 5.0 2.0 0.0 1.0 1.0 12.0 
22.0 0.0 6.0 2.0 0.0 2.0 12.0 7.0 5.0 2.0 0.0 0.0 1.0 13.0 
23.0 0.0 6.0 0.0 1.0 0.0 12.0 10.0 5.0 2.0 0.0 0.0 0.0 13.0 
23.0 0.0 7.0 0.0 2.0 1.0 13.0 11.0 0.0 2.0 0.0 0.0 0.0 13.0 
23.0 0.0 9.0 0.0 3.0 2.0 14.0 14.0 1.0 3.0 1.0 1.0 1.0 0.0 
24.0 0.0 10.0 1.0 0.0 2.0 14.0 14.0 1.0 4.0 0.0 1.0 1.0 0.0 
24.0 0.0 10.0 2.0 1.0 0.0 14.0 15.0 1.0 4.0 0.0 0.0 1.0 0.0 
25.0 0.0 11.0 0.0 1.0 1.0 15.0 17.0 1.0 0.0 0.0 0.0 1.0 0.0 
