1.0 7.0 7.0 0.0 6.0 6.0 6.0 0.0 6.0 6.0 6.0 7.0 7.0 7.0 
2.0 8.0 9.0 2.0 0.0 7.0 7.0 1.0 0.0 6.0 6.0 8.0 8.0 8.0 
3.0 0.0 9.0 3.0 1.0 8.0 9.0 2.0 2.0 8.0 8.0 1.0 9.0 9.0 
4.0 0.0 10.0 4.0 2.0 9.0 10.0 3.0 3.0 0.0 8.0 1.0 9.0 9.0 
5.0 1.0 0.0 4.0 2.0 10.0 11.0 3.0 4.0 1.0 9.0 2.0 10.0 10.0 
16.0 1.0 0.0 5.0 0.0 10.0 11.0 3.0 4.0 2.0 10.0 0.0 0.0 10.0 
16.0 3.0 0.0 6.0 1.0 11.0 12.0 4.0 5.0 3.0 0.0 0.0 0.0 11.0 
16.0 3.0 0.0 7.0 0.0 11.0 13.0 5.0 6.0 0.0 0.0 0.0 0.0 11.0 
17.0 0.0 1.0 8.0 1.0 12.0 14.0 6.0 0.0 0.0 0.0 0.0 1.0 12.0 
18.0 0.0 1.0 0.0 0.0 12.0 14.0 15.0 0.0 0.0 0.0 0.0 0.0 12.0 
19.0 2.0 0.0 1.0 1.0 13.0 15.0 16.0 1.0 1.0 1.0 1.0 1.0 0.0 
19.0 2.0 0.0 2.0 0.0 13.0 15.0 16.0 1.0 1.0 1.0 1.0 1.0 0.0 
19.0 3.0 1.0 0.0 0.0 13.0 15.0 16.0 2.0 0.0 1.0 1.0 1.0 0.0 
19.0 4.0 0.0 0.0 0.0 0.0 15.0 30.0 2.0 0.0 0.0 1.0 1.0 0.0 
20.0 0.0 0.0 0.0 0.0 0.0 15.0 31.0 2.0 0.0 0.0 1.0 2.0 1.0 
21.0 1.0 1.0 1.0 2.0 2.0 1.0 32.0 3.0 1.0 1.0 1.0 3.0 2.0 
21.0 1.0 2.0 0.0 2.0 2.0 1.0 32.0 3.0 2.0 0.0 1.0 3.0 2.0 
21.0 1.0 3.0 1.0 0.0 3.0 2.0 33.0 0.0 2.0 0.0 1.0 3.0 2.0 
21.0 1.0 4.0 2.0 1.0 0.0 2.0 34.0 0.0 2.0 0.0 0.0 3.0 2.0 
21.0 2.0 5.0 0.0 1.0 0.0 2.0 37.0 0.0 0.0 1.0 1.0 0.0 2.0 
21.0 2.0 5.0 0.0 2.0 1.0 0.0 37.0 0.0 0.0 2.0 0.0 0.0 2.0 
22.0 0.0 5.0 0.0 2.0 1.0 0.0 38.0 0.0 1.0 0.0 0.0 0.0 3.0 
22.0 0.0 5.0 0.0 3.0 0.0 0.0 39.0 0.0 0.0 0.0 0.0 0.0 3.0 
23.0 1.0 0.0 0.0 0.0 0.0 0.0 43.0 0.0 0.0 0.0 2.0 2.0 1.0 
24.0 0.0 0.0 0.0 0.0 0.0 0.0 48.0 0.0 0.0 0.0 0.0 0.0 0.0 
