1.0 7.0 7.0 7.0 0.0 6.0 6.0 0.0 6.0 6.0 6.0 6.0 7.0 7.0 
2.0 8.0 8.0 0.0 0.0 7.0 7.0 1.0 7.0 7.0 8.0 8.0 1.0 8.0 
3.0 10.0 10.0 2.0 2.0 0.0 8.0 2.0 0.0 7.0 8.0 9.0 2.0 9.0 
13.0 11.0 0.0 2.0 2.0 0.0 9.0 2.0 1.0 0.0 10.0 11.0 1.0 10.0 
14.0 13.0 2.0 0.0 3.0 1.0 10.0 3.0 2.0 1.0 11.0 0.0 1.0 11.0 
28.0 0.0 3.0 1.0 4.0 2.0 11.0 3.0 3.0 2.0 12.0 1.0 2.0 0.0 
29.0 1.0 4.0 2.0 0.0 2.0 11.0 3.0 3.0 2.0 13.0 0.0 2.0 0.0 
30.0 0.0 4.0 2.0 0.0 2.0 11.0 3.0 3.0 2.0 13.0 0.0 2.0 0.0 
30.0 0.0 4.0 3.0 1.0 0.0 11.0 3.0 3.0 2.0 13.0 0.0 2.0 0.0 
31.0 2.0 0.0 4.0 0.0 1.0 12.0 8.0 5.0 1.0 0.0 2.0 4.0 2.0 
32.0 0.0 0.0 4.0 0.0 1.0 12.0 8.0 5.0 2.0 1.0 0.0 4.0 3.0 
33.0 0.0 0.0 4.0 0.0 0.0 12.0 8.0 5.0 3.0 0.0 0.0 4.0 3.0 
34.0 1.0 1.0 0.0 1.0 1.0 13.0 9.0 0.0 3.0 0.0 0.0 5.0 4.0 
35.0 0.0 1.0 0.0 1.0 1.0 14.0 10.0 1.0 0.0 0.0 0.0 5.0 4.0 
40.0 0.0 0.0 0.0 1.0 1.0 14.0 10.0 1.0 0.0 0.0 0.0 5.0 0.0 
42.0 0.0 0.0 0.0 0.0 1.0 14.0 11.0 3.0 0.0 1.0 0.0 0.0 0.0 
43.0 1.0 1.0 1.0 1.0 2.0 1.0 13.0 4.0 1.0 1.0 1.0 1.0 1.0 
44.0 0.0 1.0 1.0 1.0 2.0 1.0 13.0 5.0 0.0 1.0 1.0 1.0 1.0 
44.0 0.0 1.0 2.0 2.0 0.0 1.0 13.0 5.0 0.0 1.0 1.0 1.0 1.0 
46.0 0.0 2.0 0.0 2.0 0.0 1.0 14.0 5.0 0.0 0.0 1.0 1.0 0.0 
46.0 0.0 3.0 0.0 3.0 1.0 2.0 15.0 0.0 0.0 0.0 1.0 1.0 0.0 
47.0 0.0 3.0 0.0 0.0 0.0 2.0 19.0 0.0 0.0 0.0 0.0 1.0 0.0 
