1.0 7.0 0.0 6.0 6.0 6.0 6.0 0.0 6.0 6.0 7.0 7.0 7.0 7.0 
2.0 8.0 1.0 0.0 7.0 7.0 7.0 1.0 7.0 0.0 8.0 8.0 8.0 8.0 
3.0 10.0 3.0 2.0 0.0 8.0 8.0 2.0 0.0 0.0 9.0 9.0 9.0 9.0 
4.0 11.0 0.0 3.0 1.0 9.0 9.0 3.0 1.0 1.0 10.0 0.0 10.0 10.0 
4.0 11.0 0.0 4.0 0.0 9.0 0.0 14.0 0.0 0.0 10.0 0.0 10.0 10.0 
4.0 11.0 1.0 6.0 0.0 10.0 1.0 15.0 1.0 1.0 11.0 1.0 0.0 10.0 
7.0 0.0 0.0 8.0 2.0 12.0 3.0 20.0 2.0 3.0 1.0 2.0 0.0 12.0 
8.0 0.0 0.0 9.0 0.0 12.0 4.0 21.0 0.0 3.0 1.0 2.0 0.0 12.0 
9.0 1.0 1.0 0.0 0.0 12.0 5.0 22.0 2.0 1.0 2.0 3.0 1.0 13.0 
10.0 2.0 2.0 1.0 1.0 0.0 6.0 22.0 4.0 3.0 1.0 4.0 2.0 14.0 
11.0 3.0 0.0 1.0 2.0 1.0 7.0 23.0 0.0 3.0 1.0 4.0 2.0 14.0 
11.0 3.0 0.0 1.0 3.0 0.0 7.0 23.0 0.0 3.0 1.0 4.0 2.0 14.0 
12.0 0.0 0.0 1.0 3.0 0.0 7.0 23.0 0.0 3.0 2.0 5.0 1.0 15.0 
14.0 0.0 0.0 0.0 3.0 0.0 8.0 24.0 1.0 4.0 3.0 0.0 0.0 15.0 
30.0 0.0 1.0 1.0 0.0 1.0 9.0 26.0 1.0 0.0 3.0 0.0 0.0 0.0 
