1.0 7.0 7.0 7.0 7.0 0.0 6.0 0.0 6.0 6.0 6.0 6.0 6.0 7.0 
2.0 0.0 7.0 7.0 7.0 1.0 7.0 1.0 8.0 8.0 8.0 1.0 7.0 8.0 
3.0 1.0 0.0 8.0 8.0 2.0 8.0 2.0 10.0 10.0 1.0 2.0 8.0 9.0 
4.0 0.0 1.0 9.0 9.0 3.0 9.0 3.0 0.0 10.0 1.0 3.0 9.0 11.0 
16.0 0.0 0.0 10.0 10.0 4.0 10.0 4.0 1.0 11.0 2.0 4.0 0.0 0.0 
16.0 2.0 0.0 11.0 11.0 5.0 11.0 6.0 1.0 0.0 2.0 5.0 1.0 1.0 
17.0 3.0 1.0 12.0 0.0 5.0 12.0 7.0 1.0 1.0 3.0 7.0 1.0 2.0 
20.0 4.0 2.0 0.0 0.0 7.0 14.0 10.0 1.0 1.0 0.0 8.0 2.0 3.0 
21.0 5.0 3.0 2.0 2.0 0.0 15.0 11.0 2.0 2.0 1.0 1.0 3.0 4.0 
21.0 6.0 4.0 0.0 2.0 0.0 15.0 13.0 3.0 0.0 2.0 2.0 0.0 4.0 
22.0 7.0 0.0 0.0 2.0 0.0 15.0 13.0 4.0 1.0 0.0 2.0 1.0 5.0 
24.0 7.0 0.0 1.0 0.0 0.0 15.0 13.0 5.0 0.0 0.0 2.0 0.0 5.0 
24.0 7.0 0.0 3.0 0.0 1.0 16.0 14.0 0.0 0.0 0.0 2.0 0.0 5.0 
25.0 0.0 0.0 3.0 0.0 0.0 16.0 16.0 1.0 1.0 2.0 1.0 1.0 6.0 
26.0 1.0 1.0 0.0 0.0 0.0 16.0 16.0 1.0 1.0 2.0 2.0 0.0 6.0 
27.0 0.0 1.0 0.0 0.0 0.0 16.0 16.0 1.0 1.0 2.0 2.0 0.0 6.0 
34.0 0.0 0.0 0.0 0.0 0.0 16.0 16.0 1.0 1.0 2.0 2.0 0.0 0.0 
35.0 1.0 1.0 2.0 2.0 2.0 1.0 16.0 3.0 1.0 3.0 3.0 1.0 1.0 
35.0 2.0 2.0 0.0 2.0 2.0 1.0 16.0 3.0 1.0 3.0 4.0 0.0 1.0 
36.0 0.0 2.0 0.0 2.0 3.0 2.0 17.0 0.0 1.0 3.0 4.0 0.0 2.0 
37.0 1.0 0.0 0.0 2.0 3.0 0.0 20.0 0.0 0.0 3.0 4.0 0.0 2.0 
38.0 0.0 0.0 0.0 2.0 3.0 0.0 20.0 0.0 0.0 3.0 4.0 0.0 2.0 
39.0 0.0 0.0 1.0 0.0 3.0 0.0 20.0 0.0 0.0 3.0 4.0 0.0 2.0 
41.0 0.0 0.0 2.0 1.0 0.0 0.0 20.0 0.0 0.0 3.0 5.0 0.0 0.0 
41.0 0.0 0.0 3.0 0.0 0.0 1.0 21.0 1.0 1.0 4.0 0.0 0.0 0.0 
42.0 0.0 0.0 3.0 0.0 0.0 0.0 21.0 2.0 0.0 4.0 0.0 0.0 0.0 
44.0 0.0 0.0 3.0 0.0 0.0 0.0 22.0 3.0 0.0 0.0 0.0 0.0 0.0 
