1.0 7.0 7.0 0.0 6.0 6.0 6.0 0.0 6.0 6.0 6.0 7.0 7.0 7.0 
2.0 8.0 8.0 2.0 0.0 7.0 7.0 1.0 7.0 0.0 6.0 8.0 8.0 8.0 
2.0 9.0 9.0 0.0 1.0 8.0 8.0 2.0 8.0 1.0 0.0 8.0 8.0 8.0 
3.0 11.0 0.0 1.0 2.0 10.0 10.0 3.0 1.0 2.0 1.0 9.0 9.0 10.0 
4.0 12.0 1.0 2.0 3.0 0.0 10.0 3.0 1.0 4.0 1.0 10.0 10.0 11.0 
18.0 0.0 3.0 4.0 5.0 2.0 12.0 4.0 3.0 6.0 3.0 1.0 11.0 0.0 
19.0 1.0 0.0 4.0 0.0 2.0 12.0 11.0 4.0 7.0 0.0 0.0 11.0 1.0 
19.0 1.0 0.0 5.0 0.0 3.0 13.0 12.0 0.0 7.0 0.0 0.0 11.0 1.0 
20.0 3.0 2.0 0.0 1.0 4.0 14.0 13.0 1.0 8.0 1.0 2.0 1.0 2.0 
20.0 4.0 3.0 1.0 2.0 0.0 14.0 13.0 1.0 8.0 1.0 3.0 0.0 2.0 
21.0 0.0 3.0 1.0 2.0 0.0 14.0 13.0 1.0 9.0 0.0 4.0 1.0 3.0 
22.0 1.0 0.0 1.0 2.0 0.0 14.0 13.0 1.0 9.0 0.0 5.0 0.0 4.0 
22.0 3.0 0.0 2.0 3.0 1.0 15.0 14.0 2.0 0.0 0.0 5.0 0.0 5.0 
22.0 4.0 1.0 0.0 3.0 1.0 16.0 15.0 0.0 0.0 0.0 5.0 0.0 5.0 
23.0 0.0 1.0 0.0 3.0 1.0 17.0 16.0 1.0 1.0 1.0 1.0 1.0 6.0 
30.0 0.0 0.0 0.0 3.0 1.0 17.0 16.0 1.0 2.0 0.0 1.0 1.0 0.0 
31.0 0.0 0.0 0.0 0.0 0.0 17.0 22.0 1.0 0.0 0.0 0.0 1.0 0.0 
