1.0 0.0 7.0 7.0 7.0 7.0 7.0 2.0 8.0 1.0 8.0 8.0 8.0 1.0 
2.0 1.0 8.0 8.0 0.0 7.0 7.0 2.0 9.0 0.0 8.0 9.0 9.0 2.0 
3.0 2.0 0.0 9.0 1.0 8.0 8.0 3.0 11.0 2.0 10.0 11.0 1.0 3.0 
4.0 0.0 1.0 10.0 2.0 9.0 9.0 4.0 0.0 2.0 11.0 12.0 3.0 5.0 
5.0 2.0 3.0 0.0 3.0 11.0 11.0 6.0 3.0 2.0 13.0 1.0 5.0 7.0 
6.0 4.0 0.0 1.0 0.0 12.0 12.0 12.0 4.0 3.0 0.0 2.0 7.0 9.0 
14.0 4.0 0.0 0.0 0.0 12.0 13.0 13.0 5.0 0.0 0.0 2.0 0.0 9.0 
15.0 0.0 0.0 0.0 0.0 0.0 13.0 26.0 5.0 0.0 1.0 1.0 1.0 10.0 
15.0 0.0 0.0 2.0 0.0 1.0 14.0 27.0 0.0 0.0 1.0 1.0 1.0 10.0 
26.0 0.0 1.0 0.0 0.0 1.0 14.0 27.0 0.0 0.0 1.0 2.0 0.0 0.0 
27.0 0.0 0.0 0.0 0.0 0.0 14.0 29.0 0.0 0.0 0.0 2.0 0.0 0.0 
28.0 1.0 1.0 1.0 1.0 2.0 1.0 30.0 1.0 1.0 2.0 1.0 1.0 1.0 
29.0 0.0 1.0 1.0 1.0 2.0 1.0 30.0 2.0 0.0 2.0 1.0 1.0 1.0 
29.0 0.0 1.0 2.0 0.0 2.0 1.0 30.0 2.0 0.0 2.0 1.0 1.0 1.0 
31.0 0.0 0.0 2.0 0.0 2.0 1.0 30.0 2.0 0.0 2.0 2.0 0.0 0.0 
32.0 0.0 1.0 0.0 0.0 2.0 1.0 30.0 3.0 1.0 0.0 2.0 0.0 0.0 
33.0 0.0 0.0 0.0 0.0 3.0 2.0 31.0 0.0 1.0 0.0 2.0 0.0 0.0 
34.0 0.0 0.0 1.0 1.0 0.0 0.0 34.0 0.0 0.0 0.0 2.0 0.0 0.0 
34.0 0.0 0.0 2.0 0.0 0.0 0.0 35.0 0.0 0.0 1.0 0.0 0.0 0.0 
