1.0 7.0 7.0 7.0 7.0 0.0 7.0 1.0 7.0 7.0 7.0 0.0 7.0 7.0 
2.0 0.0 7.0 8.0 8.0 1.0 8.0 2.0 9.0 9.0 1.0 1.0 8.0 8.0 
2.0 0.0 7.0 9.0 10.0 0.0 9.0 3.0 10.0 10.0 2.0 2.0 0.0 8.0 
3.0 2.0 1.0 11.0 0.0 1.0 11.0 13.0 12.0 1.0 3.0 3.0 1.0 10.0 
3.0 3.0 2.0 13.0 0.0 2.0 0.0 28.0 0.0 3.0 1.0 4.0 2.0 11.0 
4.0 4.0 0.0 13.0 0.0 2.0 0.0 30.0 0.0 4.0 3.0 1.0 0.0 11.0 
8.0 5.0 1.0 0.0 1.0 3.0 1.0 30.0 1.0 5.0 4.0 0.0 1.0 12.0 
8.0 5.0 2.0 1.0 0.0 4.0 2.0 31.0 2.0 0.0 4.0 0.0 1.0 12.0 
8.0 5.0 3.0 0.0 0.0 4.0 3.0 32.0 0.0 0.0 4.0 0.0 1.0 12.0 
9.0 0.0 3.0 0.0 0.0 4.0 3.0 33.0 0.0 0.0 5.0 1.0 1.0 13.0 
10.0 1.0 0.0 0.0 0.0 5.0 4.0 34.0 1.0 1.0 0.0 1.0 1.0 14.0 
11.0 2.0 1.0 1.0 1.0 0.0 0.0 40.0 0.0 0.0 0.0 1.0 1.0 14.0 
11.0 3.0 0.0 1.0 1.0 0.0 0.0 40.0 0.0 0.0 0.0 1.0 1.0 14.0 
13.0 3.0 0.0 0.0 0.0 0.0 0.0 42.0 0.0 0.0 0.0 0.0 0.0 14.0 
13.0 5.0 0.0 1.0 1.0 1.0 1.0 43.0 1.0 1.0 1.0 1.0 2.0 1.0 
14.0 5.0 0.0 0.0 1.0 1.0 1.0 44.0 0.0 1.0 2.0 2.0 0.0 1.0 
15.0 0.0 0.0 0.0 1.0 1.0 0.0 46.0 0.0 2.0 1.0 3.0 1.0 2.0 
19.0 0.0 0.0 0.0 0.0 1.0 0.0 46.0 0.0 3.0 0.0 0.0 1.0 2.0 
20.0 0.0 0.0 0.0 0.0 0.0 0.0 52.0 0.0 0.0 0.0 0.0 0.0 0.0 
