1.0 7.0 8.0 8.0 8.0 0.0 7.0 1.0 0.0 6.0 6.0 6.0 7.0 7.0 
2.0 8.0 9.0 9.0 0.0 1.0 8.0 2.0 1.0 8.0 1.0 7.0 8.0 8.0 
3.0 9.0 0.0 9.0 1.0 2.0 10.0 3.0 3.0 10.0 3.0 1.0 9.0 9.0 
13.0 9.0 0.0 10.0 2.0 0.0 11.0 4.0 0.0 10.0 3.0 1.0 0.0 9.0 
27.0 0.0 0.0 10.0 0.0 0.0 12.0 8.0 2.0 0.0 1.0 1.0 1.0 10.0 
28.0 1.0 1.0 0.0 0.0 0.0 13.0 8.0 3.0 1.0 3.0 1.0 2.0 11.0 
29.0 0.0 1.0 0.0 0.0 0.0 13.0 8.0 3.0 1.0 4.0 2.0 0.0 11.0 
41.0 0.0 0.0 0.0 0.0 0.0 13.0 8.0 3.0 1.0 4.0 2.0 0.0 0.0 
47.0 1.0 1.0 1.0 1.0 1.0 0.0 8.0 0.0 3.0 6.0 1.0 1.0 1.0 
47.0 2.0 0.0 1.0 2.0 2.0 1.0 9.0 1.0 4.0 0.0 1.0 1.0 1.0 
49.0 2.0 0.0 0.0 0.0 2.0 1.0 13.0 0.0 4.0 0.0 0.0 0.0 1.0 
50.0 2.0 0.0 1.0 1.0 0.0 2.0 14.0 1.0 0.0 0.0 0.0 0.0 1.0 
