1.0 7.0 7.0 0.0 6.0 7.0 7.0 1.0 7.0 7.0 7.0 1.0 7.0 7.0 
2.0 8.0 8.0 1.0 0.0 7.0 7.0 1.0 7.0 7.0 8.0 0.0 8.0 8.0 
2.0 9.0 10.0 0.0 1.0 8.0 8.0 2.0 8.0 8.0 0.0 0.0 8.0 8.0 
3.0 0.0 11.0 1.0 3.0 10.0 10.0 3.0 1.0 9.0 1.0 1.0 9.0 10.0 
4.0 2.0 13.0 3.0 0.0 11.0 11.0 4.0 2.0 0.0 1.0 1.0 9.0 11.0 
16.0 3.0 0.0 4.0 1.0 12.0 12.0 4.0 3.0 1.0 2.0 2.0 0.0 12.0 
17.0 0.0 0.0 4.0 1.0 12.0 12.0 4.0 3.0 2.0 3.0 0.0 1.0 13.0 
23.0 1.0 1.0 5.0 3.0 0.0 14.0 6.0 1.0 0.0 1.0 1.0 2.0 14.0 
24.0 0.0 1.0 5.0 3.0 0.0 14.0 7.0 1.0 0.0 0.0 1.0 2.0 14.0 
25.0 1.0 2.0 0.0 3.0 0.0 14.0 7.0 1.0 0.0 0.0 1.0 3.0 15.0 
26.0 0.0 2.0 0.0 0.0 0.0 14.0 11.0 1.0 0.0 0.0 0.0 3.0 15.0 
27.0 1.0 3.0 1.0 1.0 2.0 1.0 11.0 2.0 1.0 1.0 1.0 4.0 16.0 
27.0 1.0 3.0 2.0 2.0 0.0 1.0 11.0 3.0 0.0 1.0 1.0 4.0 16.0 
28.0 2.0 0.0 2.0 2.0 0.0 1.0 11.0 4.0 1.0 2.0 2.0 0.0 17.0 
28.0 3.0 1.0 0.0 3.0 1.0 2.0 12.0 0.0 1.0 2.0 2.0 0.0 17.0 
28.0 4.0 2.0 1.0 0.0 1.0 0.0 15.0 0.0 2.0 0.0 2.0 0.0 17.0 
29.0 0.0 2.0 1.0 0.0 0.0 0.0 18.0 1.0 0.0 1.0 1.0 1.0 18.0 
30.0 1.0 0.0 1.0 0.0 0.0 0.0 19.0 1.0 0.0 0.0 1.0 1.0 18.0 
32.0 1.0 0.0 0.0 0.0 0.0 0.0 19.0 1.0 0.0 0.0 1.0 0.0 18.0 
33.0 0.0 0.0 0.0 0.0 0.0 0.0 39.0 0.0 0.0 0.0 0.0 0.0 0.0 
