1.0 0.0 6.0 6.0 6.0 6.0 6.0 0.0 6.0 7.0 7.0 7.0 7.0 7.0 
2.0 1.0 0.0 7.0 7.0 7.0 7.0 1.0 0.0 8.0 8.0 8.0 8.0 8.0 
3.0 2.0 2.0 0.0 8.0 8.0 8.0 2.0 1.0 10.0 1.0 9.0 9.0 9.0 
4.0 3.0 0.0 0.0 8.0 8.0 8.0 3.0 0.0 11.0 0.0 9.0 9.0 9.0 
5.0 4.0 1.0 1.0 9.0 0.0 8.0 3.0 0.0 11.0 0.0 10.0 10.0 10.0 
6.0 5.0 3.0 3.0 0.0 1.0 9.0 4.0 2.0 13.0 2.0 12.0 1.0 11.0 
7.0 0.0 3.0 3.0 0.0 1.0 9.0 4.0 3.0 14.0 1.0 13.0 2.0 12.0 
7.0 1.0 4.0 5.0 2.0 0.0 10.0 5.0 5.0 1.0 2.0 14.0 3.0 13.0 
8.0 0.0 4.0 5.0 2.0 0.0 10.0 5.0 6.0 0.0 2.0 14.0 3.0 13.0 
8.0 0.0 5.0 6.0 0.0 0.0 10.0 5.0 6.0 0.0 2.0 14.0 3.0 13.0 
8.0 0.0 6.0 8.0 0.0 1.0 11.0 6.0 0.0 0.0 2.0 14.0 3.0 13.0 
9.0 1.0 0.0 8.0 0.0 1.0 0.0 18.0 0.0 1.0 1.0 15.0 4.0 14.0 
10.0 0.0 0.0 8.0 0.0 1.0 0.0 19.0 0.0 2.0 2.0 16.0 0.0 14.0 
11.0 1.0 1.0 0.0 0.0 1.0 0.0 19.0 0.0 3.0 3.0 17.0 1.0 15.0 
12.0 0.0 2.0 1.0 1.0 3.0 2.0 22.0 3.0 6.0 0.0 1.0 2.0 17.0 
13.0 1.0 0.0 2.0 2.0 4.0 3.0 23.0 4.0 0.0 0.0 1.0 2.0 17.0 
13.0 2.0 1.0 3.0 3.0 0.0 3.0 23.0 4.0 0.0 0.0 1.0 2.0 17.0 
14.0 0.0 1.0 3.0 4.0 1.0 4.0 24.0 0.0 0.0 0.0 1.0 2.0 18.0 
15.0 0.0 1.0 3.0 0.0 0.0 4.0 29.0 0.0 0.0 0.0 2.0 0.0 18.0 
16.0 1.0 2.0 0.0 0.0 0.0 4.0 30.0 0.0 0.0 1.0 0.0 0.0 18.0 
17.0 0.0 2.0 0.0 0.0 0.0 4.0 30.0 0.0 0.0 1.0 0.0 0.0 18.0 
17.0 0.0 3.0 1.0 1.0 1.0 0.0 30.0 0.0 0.0 1.0 0.0 0.0 18.0 
18.0 1.0 0.0 1.0 1.0 0.0 0.0 32.0 0.0 0.0 0.0 0.0 0.0 19.0 
18.0 3.0 2.0 0.0 2.0 1.0 1.0 34.0 2.0 3.0 3.0 0.0 2.0 1.0 
19.0 0.0 2.0 0.0 2.0 2.0 2.0 36.0 0.0 4.0 0.0 0.0 3.0 2.0 
19.0 0.0 3.0 1.0 3.0 0.0 3.0 37.0 1.0 0.0 0.0 0.0 3.0 2.0 
20.0 1.0 0.0 1.0 3.0 0.0 3.0 38.0 1.0 0.0 1.0 1.0 0.0 3.0 
21.0 1.0 0.0 0.0 3.0 0.0 3.0 39.0 1.0 0.0 0.0 1.0 0.0 3.0 
22.0 0.0 0.0 0.0 0.0 0.0 3.0 43.0 1.0 0.0 0.0 0.0 0.0 3.0 
23.0 0.0 0.0 0.0 1.0 1.0 0.0 43.0 1.0 0.0 0.0 0.0 0.0 3.0 
24.0 0.0 0.0 0.0 0.0 0.0 0.0 48.0 0.0 0.0 0.0 0.0 0.0 0.0 
