1.0 7.0 8.0 0.0 7.0 7.0 7.0 1.0 0.0 6.0 7.0 7.0 7.0 7.0 
2.0 0.0 8.0 0.0 8.0 8.0 8.0 2.0 2.0 8.0 9.0 1.0 8.0 8.0 
3.0 2.0 10.0 2.0 10.0 0.0 9.0 3.0 3.0 9.0 1.0 2.0 9.0 9.0 
3.0 2.0 10.0 2.0 11.0 0.0 10.0 4.0 0.0 9.0 1.0 2.0 9.0 9.0 
16.0 3.0 0.0 2.0 11.0 0.0 11.0 4.0 1.0 0.0 3.0 1.0 10.0 10.0 
16.0 3.0 1.0 3.0 13.0 0.0 12.0 7.0 2.0 2.0 1.0 2.0 0.0 10.0 
17.0 4.0 2.0 0.0 13.0 0.0 13.0 8.0 0.0 2.0 1.0 2.0 0.0 10.0 
18.0 5.0 0.0 0.0 13.0 0.0 13.0 8.0 0.0 2.0 1.0 2.0 0.0 10.0 
22.0 6.0 1.0 1.0 0.0 1.0 14.0 8.0 1.0 3.0 0.0 3.0 1.0 11.0 
23.0 0.0 1.0 1.0 0.0 1.0 15.0 9.0 2.0 1.0 1.0 4.0 2.0 12.0 
23.0 0.0 2.0 0.0 0.0 1.0 16.0 10.0 0.0 1.0 1.0 4.0 2.0 12.0 
24.0 0.0 2.0 0.0 0.0 0.0 16.0 11.0 2.0 3.0 0.0 0.0 2.0 12.0 
25.0 1.0 4.0 2.0 2.0 2.0 1.0 12.0 4.0 1.0 1.0 1.0 3.0 13.0 
25.0 2.0 5.0 3.0 0.0 3.0 2.0 13.0 0.0 1.0 1.0 1.0 3.0 13.0 
26.0 3.0 0.0 3.0 0.0 3.0 2.0 13.0 0.0 2.0 2.0 3.0 1.0 14.0 
27.0 0.0 0.0 3.0 0.0 3.0 0.0 16.0 0.0 3.0 3.0 0.0 2.0 15.0 
28.0 0.0 0.0 4.0 1.0 0.0 0.0 16.0 0.0 3.0 4.0 1.0 0.0 15.0 
29.0 1.0 1.0 0.0 1.0 0.0 0.0 16.0 0.0 3.0 5.0 0.0 0.0 16.0 
29.0 2.0 0.0 0.0 1.0 0.0 1.0 17.0 1.0 0.0 5.0 0.0 0.0 16.0 
30.0 2.0 0.0 0.0 0.0 1.0 2.0 18.0 2.0 1.0 0.0 0.0 0.0 16.0 
31.0 2.0 0.0 0.0 0.0 0.0 3.0 19.0 0.0 1.0 0.0 0.0 0.0 16.0 
32.0 0.0 0.0 0.0 0.0 0.0 0.0 40.0 0.0 0.0 0.0 0.0 0.0 0.0 
