1.0 7.0 7.0 0.0 6.0 6.0 6.0 0.0 6.0 6.0 6.0 7.0 7.0 7.0 
2.0 8.0 8.0 2.0 0.0 7.0 7.0 1.0 7.0 0.0 6.0 8.0 8.0 8.0 
3.0 10.0 10.0 4.0 2.0 0.0 8.0 2.0 0.0 0.0 6.0 9.0 9.0 9.0 
4.0 0.0 10.0 5.0 4.0 2.0 10.0 3.0 2.0 2.0 8.0 11.0 1.0 10.0 
5.0 1.0 12.0 0.0 5.0 3.0 11.0 4.0 3.0 3.0 0.0 12.0 2.0 11.0 
6.0 0.0 12.0 0.0 5.0 4.0 12.0 5.0 0.0 3.0 0.0 12.0 2.0 11.0 
21.0 1.0 0.0 0.0 6.0 5.0 13.0 5.0 1.0 4.0 1.0 0.0 3.0 12.0 
22.0 0.0 0.0 0.0 6.0 5.0 13.0 5.0 1.0 5.0 0.0 0.0 3.0 12.0 
23.0 1.0 1.0 1.0 0.0 5.0 13.0 5.0 1.0 5.0 0.0 0.0 4.0 13.0 
24.0 0.0 1.0 1.0 0.0 5.0 0.0 20.0 0.0 6.0 1.0 1.0 0.0 13.0 
25.0 1.0 2.0 2.0 1.0 0.0 0.0 20.0 0.0 6.0 1.0 1.0 0.0 13.0 
26.0 0.0 2.0 2.0 1.0 0.0 0.0 20.0 0.0 6.0 1.0 1.0 0.0 13.0 
40.0 0.0 3.0 0.0 1.0 0.0 0.0 20.0 0.0 6.0 1.0 1.0 0.0 0.0 
40.0 0.0 4.0 2.0 0.0 1.0 1.0 21.0 1.0 0.0 1.0 1.0 0.0 0.0 
41.0 1.0 0.0 2.0 0.0 0.0 1.0 23.0 1.0 0.0 0.0 1.0 1.0 1.0 
42.0 0.0 0.0 2.0 0.0 0.0 1.0 24.0 1.0 0.0 0.0 0.0 1.0 1.0 
44.0 0.0 1.0 0.0 0.0 0.0 1.0 24.0 1.0 0.0 0.0 0.0 1.0 0.0 
45.0 0.0 0.0 0.0 0.0 0.0 1.0 25.0 1.0 0.0 0.0 0.0 0.0 0.0 
