1.0 7.0 7.0 7.0 0.0 6.0 7.0 1.0 7.0 7.0 7.0 7.0 1.0 7.0 
2.0 8.0 8.0 0.0 1.0 7.0 8.0 2.0 8.0 9.0 1.0 8.0 2.0 8.0 
2.0 9.0 10.0 0.0 2.0 8.0 9.0 3.0 9.0 0.0 1.0 8.0 2.0 9.0 
2.0 11.0 12.0 2.0 0.0 9.0 10.0 4.0 0.0 0.0 1.0 8.0 3.0 10.0 
3.0 12.0 13.0 4.0 2.0 0.0 11.0 5.0 1.0 2.0 3.0 1.0 4.0 11.0 
4.0 13.0 14.0 0.0 2.0 0.0 11.0 5.0 2.0 3.0 4.0 2.0 0.0 12.0 
4.0 13.0 15.0 1.0 0.0 0.0 12.0 6.0 3.0 4.0 0.0 2.0 0.0 12.0 
4.0 13.0 16.0 0.0 0.0 1.0 13.0 7.0 4.0 0.0 0.0 2.0 0.0 12.0 
19.0 0.0 17.0 1.0 1.0 1.0 14.0 9.0 5.0 1.0 2.0 1.0 1.0 0.0 
19.0 0.0 18.0 0.0 1.0 1.0 14.0 9.0 6.0 0.0 2.0 1.0 1.0 0.0 
21.0 2.0 1.0 1.0 2.0 2.0 15.0 9.0 8.0 2.0 1.0 3.0 3.0 2.0 
21.0 3.0 0.0 1.0 2.0 2.0 15.0 9.0 9.0 3.0 2.0 0.0 3.0 2.0 
22.0 3.0 0.0 0.0 2.0 2.0 15.0 9.0 9.0 4.0 3.0 1.0 0.0 2.0 
23.0 0.0 0.0 0.0 2.0 3.0 16.0 10.0 10.0 0.0 3.0 1.0 1.0 3.0 
23.0 2.0 2.0 2.0 0.0 4.0 17.0 11.0 0.0 0.0 3.0 2.0 2.0 4.0 
24.0 3.0 0.0 2.0 0.0 4.0 17.0 11.0 0.0 0.0 4.0 3.0 0.0 4.0 
24.0 4.0 1.0 3.0 1.0 0.0 17.0 11.0 0.0 0.0 4.0 3.0 0.0 4.0 
25.0 0.0 1.0 3.0 1.0 0.0 0.0 29.0 0.0 1.0 5.0 1.0 1.0 5.0 
26.0 1.0 2.0 0.0 1.0 0.0 0.0 29.0 0.0 1.0 5.0 2.0 0.0 5.0 
27.0 2.0 0.0 0.0 1.0 0.0 0.0 29.0 0.0 1.0 5.0 2.0 0.0 5.0 
28.0 0.0 0.0 0.0 1.0 0.0 0.0 29.0 0.0 1.0 5.0 2.0 0.0 6.0 
31.0 0.0 0.0 0.0 0.0 1.0 1.0 30.0 1.0 2.0 0.0 0.0 0.0 6.0 
33.0 0.0 0.0 0.0 0.0 2.0 0.0 32.0 3.0 0.0 0.0 1.0 1.0 0.0 
34.0 0.0 0.0 0.0 1.0 0.0 0.0 33.0 3.0 0.0 0.0 0.0 1.0 0.0 
34.0 0.0 0.0 0.0 1.0 2.0 0.0 34.0 0.0 0.0 0.0 0.0 1.0 0.0 
