1.0 7.0 7.0 0.0 6.0 6.0 7.0 1.0 7.0 7.0 7.0 8.0 1.0 7.0 
2.0 0.0 7.0 1.0 7.0 7.0 8.0 2.0 9.0 9.0 9.0 1.0 2.0 8.0 
3.0 0.0 8.0 2.0 8.0 8.0 9.0 3.0 10.0 10.0 0.0 1.0 2.0 8.0 
4.0 1.0 9.0 3.0 0.0 8.0 9.0 3.0 10.0 10.0 1.0 2.0 3.0 9.0 
5.0 0.0 10.0 4.0 1.0 9.0 10.0 4.0 11.0 0.0 1.0 2.0 4.0 11.0 
6.0 1.0 11.0 0.0 1.0 0.0 10.0 14.0 11.0 0.0 2.0 0.0 4.0 12.0 
7.0 0.0 12.0 1.0 2.0 1.0 11.0 15.0 0.0 0.0 3.0 1.0 5.0 14.0 
7.0 0.0 12.0 1.0 3.0 0.0 11.0 16.0 2.0 0.0 0.0 1.0 5.0 14.0 
8.0 1.0 0.0 2.0 1.0 1.0 12.0 20.0 3.0 1.0 1.0 1.0 6.0 15.0 
8.0 2.0 1.0 0.0 1.0 1.0 12.0 20.0 4.0 0.0 1.0 1.0 6.0 15.0 
8.0 2.0 1.0 0.0 2.0 0.0 13.0 21.0 5.0 1.0 2.0 2.0 0.0 15.0 
9.0 0.0 1.0 0.0 2.0 0.0 13.0 21.0 5.0 2.0 3.0 0.0 0.0 16.0 
9.0 0.0 2.0 0.0 3.0 1.0 14.0 22.0 0.0 2.0 3.0 0.0 0.0 16.0 
31.0 0.0 0.0 0.0 0.0 0.0 0.0 41.0 0.0 0.0 0.0 0.0 0.0 0.0 
