1.0 7.0 0.0 6.0 6.0 6.0 6.0 0.0 6.0 6.0 7.0 7.0 7.0 7.0 
2.0 0.0 0.0 6.0 6.0 7.0 7.0 1.0 8.0 8.0 9.0 9.0 1.0 8.0 
3.0 1.0 1.0 0.0 6.0 7.0 7.0 1.0 8.0 8.0 9.0 11.0 1.0 9.0 
4.0 3.0 3.0 2.0 0.0 8.0 8.0 2.0 9.0 9.0 0.0 12.0 2.0 10.0 
5.0 4.0 0.0 2.0 0.0 8.0 8.0 3.0 9.0 9.0 0.0 13.0 0.0 11.0 
6.0 0.0 0.0 3.0 1.0 9.0 9.0 6.0 0.0 9.0 1.0 14.0 1.0 13.0 
7.0 1.0 1.0 0.0 1.0 9.0 9.0 6.0 0.0 9.0 1.0 15.0 0.0 13.0 
8.0 0.0 1.0 0.0 1.0 9.0 9.0 6.0 0.0 9.0 1.0 15.0 0.0 13.0 
9.0 1.0 2.0 1.0 2.0 0.0 9.0 6.0 0.0 9.0 2.0 16.0 1.0 14.0 
9.0 1.0 3.0 0.0 2.0 0.0 0.0 16.0 0.0 10.0 0.0 16.0 1.0 14.0 
9.0 2.0 5.0 0.0 3.0 1.0 1.0 17.0 1.0 0.0 0.0 16.0 2.0 15.0 
10.0 0.0 6.0 1.0 4.0 2.0 2.0 19.0 2.0 2.0 2.0 1.0 4.0 17.0 
11.0 1.0 0.0 1.0 4.0 2.0 2.0 20.0 4.0 1.0 4.0 3.0 1.0 18.0 
12.0 0.0 0.0 1.0 4.0 2.0 2.0 20.0 5.0 2.0 5.0 0.0 1.0 18.0 
13.0 1.0 1.0 2.0 0.0 2.0 2.0 20.0 5.0 2.0 5.0 0.0 1.0 18.0 
14.0 0.0 1.0 2.0 0.0 2.0 2.0 20.0 5.0 2.0 5.0 0.0 1.0 18.0 
14.0 0.0 1.0 3.0 1.0 0.0 2.0 20.0 5.0 2.0 5.0 0.0 1.0 18.0 
33.0 0.0 0.0 0.0 1.0 0.0 2.0 24.0 5.0 2.0 5.0 0.0 0.0 0.0 
34.0 0.0 0.0 0.0 2.0 1.0 3.0 25.0 0.0 2.0 5.0 0.0 0.0 0.0 
35.0 0.0 0.0 0.0 3.0 0.0 4.0 26.0 1.0 3.0 0.0 0.0 0.0 0.0 
36.0 0.0 1.0 1.0 4.0 1.0 0.0 28.0 1.0 0.0 0.0 0.0 0.0 0.0 
