1.0 7.0 0.0 7.0 7.0 7.0 7.0 2.0 8.0 1.0 8.0 8.0 8.0 1.0 
2.0 8.0 1.0 8.0 8.0 0.0 7.0 2.0 9.0 0.0 8.0 8.0 9.0 2.0 
2.0 9.0 0.0 9.0 9.0 1.0 8.0 3.0 10.0 1.0 9.0 9.0 0.0 2.0 
3.0 0.0 0.0 9.0 9.0 2.0 9.0 3.0 12.0 1.0 10.0 10.0 1.0 3.0 
3.0 0.0 0.0 10.0 10.0 0.0 9.0 3.0 13.0 0.0 10.0 10.0 1.0 3.0 
4.0 2.0 2.0 0.0 11.0 2.0 1.0 15.0 1.0 2.0 12.0 12.0 3.0 5.0 
5.0 0.0 2.0 0.0 11.0 2.0 2.0 17.0 0.0 0.0 12.0 12.0 3.0 6.0 
5.0 1.0 4.0 2.0 13.0 0.0 3.0 18.0 1.0 1.0 0.0 13.0 4.0 7.0 
6.0 2.0 0.0 2.0 13.0 0.0 0.0 23.0 0.0 0.0 0.0 13.0 5.0 8.0 
7.0 0.0 1.0 0.0 14.0 1.0 1.0 28.0 1.0 1.0 1.0 0.0 7.0 10.0 
8.0 1.0 2.0 2.0 1.0 2.0 1.0 31.0 1.0 1.0 2.0 1.0 8.0 11.0 
8.0 1.0 2.0 3.0 0.0 2.0 1.0 31.0 2.0 2.0 0.0 1.0 8.0 11.0 
9.0 2.0 3.0 0.0 0.0 3.0 2.0 33.0 0.0 0.0 0.0 1.0 8.0 11.0 
9.0 2.0 4.0 1.0 1.0 0.0 2.0 33.0 0.0 0.0 0.0 1.0 8.0 11.0 
9.0 2.0 5.0 0.0 0.0 0.0 2.0 35.0 0.0 0.0 0.0 0.0 8.0 11.0 
10.0 3.0 0.0 0.0 1.0 1.0 3.0 36.0 1.0 1.0 1.0 2.0 1.0 12.0 
14.0 3.0 0.0 0.0 0.0 1.0 3.0 36.0 1.0 1.0 1.0 0.0 0.0 12.0 
15.0 3.0 0.0 0.0 1.0 2.0 0.0 37.0 0.0 2.0 0.0 0.0 0.0 12.0 
16.0 0.0 1.0 1.0 2.0 3.0 1.0 40.0 1.0 1.0 1.0 2.0 2.0 1.0 
16.0 0.0 2.0 2.0 0.0 3.0 0.0 43.0 0.0 0.0 1.0 2.0 2.0 1.0 
18.0 0.0 3.0 0.0 0.0 3.0 0.0 43.0 0.0 0.0 2.0 3.0 0.0 0.0 
18.0 0.0 4.0 1.0 1.0 0.0 0.0 44.0 0.0 1.0 3.0 0.0 0.0 0.0 
