1.0 7.0 0.0 7.0 7.0 7.0 7.0 1.0 0.0 7.0 7.0 7.0 7.0 7.0 
2.0 8.0 1.0 0.0 8.0 8.0 8.0 2.0 1.0 8.0 9.0 1.0 8.0 8.0 
3.0 0.0 1.0 0.0 8.0 8.0 9.0 2.0 2.0 9.0 11.0 1.0 9.0 9.0 
3.0 1.0 3.0 0.0 9.0 9.0 10.0 3.0 3.0 10.0 0.0 1.0 10.0 10.0 
4.0 2.0 5.0 2.0 11.0 0.0 11.0 4.0 4.0 12.0 2.0 3.0 1.0 11.0 
4.0 3.0 6.0 3.0 13.0 0.0 12.0 5.0 5.0 0.0 3.0 4.0 2.0 12.0 
5.0 0.0 7.0 4.0 14.0 1.0 13.0 7.0 0.0 1.0 4.0 0.0 3.0 13.0 
5.0 0.0 7.0 4.0 15.0 0.0 0.0 21.0 0.0 0.0 4.0 0.0 3.0 13.0 
6.0 1.0 8.0 0.0 15.0 0.0 0.0 22.0 0.0 0.0 5.0 1.0 0.0 14.0 
7.0 2.0 0.0 0.0 15.0 0.0 0.0 22.0 1.0 1.0 7.0 1.0 1.0 15.0 
8.0 0.0 0.0 0.0 15.0 0.0 0.0 24.0 0.0 0.0 7.0 1.0 1.0 16.0 
10.0 0.0 0.0 0.0 16.0 1.0 1.0 25.0 1.0 1.0 0.0 1.0 0.0 16.0 
11.0 2.0 2.0 2.0 1.0 2.0 1.0 28.0 1.0 1.0 1.0 2.0 1.0 17.0 
11.0 2.0 2.0 3.0 0.0 2.0 1.0 28.0 1.0 2.0 2.0 0.0 1.0 17.0 
12.0 3.0 0.0 0.0 0.0 2.0 1.0 32.0 1.0 2.0 2.0 0.0 0.0 17.0 
13.0 3.0 0.0 0.0 1.0 0.0 1.0 32.0 1.0 2.0 2.0 0.0 0.0 17.0 
14.0 0.0 0.0 0.0 1.0 0.0 2.0 34.0 0.0 0.0 2.0 0.0 1.0 18.0 
15.0 0.0 0.0 0.0 0.0 0.0 0.0 57.0 0.0 0.0 0.0 0.0 0.0 0.0 
