1.0 7.0 7.0 7.0 7.0 7.0 0.0 0.0 6.0 6.0 6.0 6.0 6.0 6.0 
2.0 8.0 8.0 8.0 0.0 7.0 0.0 0.0 6.0 6.0 6.0 7.0 7.0 7.0 
3.0 9.0 0.0 9.0 1.0 8.0 1.0 1.0 8.0 1.0 7.0 8.0 8.0 8.0 
4.0 0.0 1.0 10.0 3.0 10.0 3.0 2.0 1.0 2.0 8.0 9.0 9.0 10.0 
5.0 1.0 0.0 11.0 4.0 11.0 4.0 3.0 2.0 3.0 0.0 9.0 9.0 10.0 
6.0 2.0 1.0 12.0 5.0 0.0 4.0 3.0 3.0 4.0 1.0 10.0 10.0 11.0 
6.0 3.0 0.0 12.0 5.0 1.0 5.0 4.0 4.0 0.0 1.0 10.0 10.0 11.0 
7.0 4.0 1.0 13.0 0.0 2.0 6.0 5.0 0.0 0.0 1.0 10.0 11.0 12.0 
8.0 6.0 4.0 1.0 2.0 4.0 8.0 6.0 2.0 2.0 3.0 1.0 12.0 13.0 
8.0 7.0 5.0 2.0 3.0 0.0 8.0 6.0 2.0 2.0 4.0 0.0 12.0 13.0 
9.0 9.0 7.0 0.0 4.0 1.0 9.0 8.0 4.0 1.0 5.0 1.0 0.0 14.0 
10.0 0.0 7.0 0.0 4.0 2.0 10.0 8.0 5.0 2.0 6.0 2.0 1.0 15.0 
10.0 0.0 8.0 2.0 6.0 0.0 11.0 9.0 0.0 2.0 6.0 2.0 1.0 15.0 
26.0 0.0 9.0 0.0 7.0 1.0 12.0 10.0 1.0 3.0 0.0 2.0 1.0 0.0 
27.0 1.0 0.0 0.0 7.0 1.0 13.0 10.0 2.0 5.0 2.0 1.0 2.0 1.0 
28.0 0.0 0.0 0.0 7.0 1.0 13.0 10.0 2.0 5.0 3.0 0.0 2.0 1.0 
28.0 0.0 0.0 0.0 8.0 0.0 13.0 10.0 2.0 5.0 3.0 0.0 2.0 1.0 
29.0 1.0 1.0 1.0 0.0 0.0 13.0 10.0 2.0 5.0 5.0 2.0 1.0 2.0 
29.0 1.0 2.0 0.0 0.0 0.0 13.0 10.0 2.0 6.0 6.0 0.0 1.0 2.0 
30.0 0.0 2.0 0.0 0.0 0.0 13.0 11.0 2.0 6.0 6.0 0.0 0.0 2.0 
35.0 1.0 3.0 1.0 1.0 1.0 0.0 11.0 0.0 7.0 7.0 1.0 1.0 3.0 
35.0 2.0 5.0 0.0 2.0 2.0 1.0 12.0 1.0 0.0 7.0 1.0 1.0 3.0 
38.0 2.0 5.0 0.0 3.0 0.0 1.0 13.0 0.0 0.0 7.0 0.0 0.0 3.0 
39.0 0.0 5.0 1.0 4.0 1.0 2.0 14.0 1.0 1.0 0.0 0.0 0.0 4.0 
40.0 1.0 0.0 1.0 4.0 1.0 0.0 18.0 0.0 0.0 0.0 1.0 1.0 5.0 
41.0 0.0 0.0 1.0 0.0 1.0 0.0 23.0 0.0 0.0 0.0 0.0 1.0 5.0 
42.0 0.0 0.0 1.0 0.0 0.0 0.0 23.0 0.0 0.0 0.0 0.0 1.0 5.0 
