1.0 7.0 0.0 6.0 6.0 6.0 6.0 0.0 6.0 6.0 7.0 7.0 7.0 7.0 
2.0 8.0 2.0 0.0 7.0 7.0 7.0 1.0 0.0 6.0 8.0 8.0 8.0 8.0 
3.0 0.0 2.0 1.0 8.0 8.0 9.0 2.0 2.0 1.0 9.0 9.0 9.0 9.0 
4.0 1.0 0.0 1.0 8.0 8.0 9.0 2.0 3.0 0.0 9.0 9.0 9.0 9.0 
14.0 1.0 0.0 0.0 8.0 8.0 9.0 2.0 3.0 0.0 9.0 9.0 0.0 9.0 
15.0 0.0 0.0 0.0 8.0 9.0 10.0 3.0 0.0 0.0 9.0 9.0 0.0 9.0 
16.0 1.0 1.0 1.0 9.0 0.0 10.0 3.0 0.0 0.0 10.0 10.0 1.0 10.0 
17.0 0.0 1.0 1.0 9.0 0.0 10.0 3.0 0.0 0.0 10.0 11.0 0.0 10.0 
18.0 1.0 2.0 2.0 0.0 0.0 10.0 3.0 0.0 1.0 11.0 12.0 1.0 11.0 
19.0 0.0 3.0 3.0 1.0 1.0 11.0 4.0 1.0 2.0 0.0 12.0 2.0 13.0 
20.0 2.0 0.0 4.0 2.0 2.0 12.0 5.0 2.0 3.0 1.0 0.0 4.0 15.0 
21.0 3.0 1.0 0.0 2.0 2.0 13.0 6.0 0.0 3.0 1.0 0.0 4.0 16.0 
21.0 4.0 0.0 0.0 2.0 2.0 0.0 20.0 0.0 4.0 2.0 1.0 0.0 16.0 
22.0 4.0 0.0 1.0 3.0 0.0 1.0 21.0 1.0 0.0 2.0 1.0 0.0 16.0 
23.0 0.0 0.0 1.0 3.0 0.0 1.0 21.0 1.0 0.0 3.0 1.0 1.0 17.0 
41.0 0.0 1.0 2.0 0.0 0.0 1.0 21.0 1.0 0.0 3.0 2.0 0.0 0.0 
42.0 0.0 0.0 2.0 0.0 0.0 1.0 22.0 1.0 0.0 4.0 0.0 0.0 0.0 
43.0 0.0 1.0 0.0 0.0 0.0 2.0 23.0 2.0 1.0 0.0 0.0 0.0 0.0 
44.0 0.0 0.0 0.0 0.0 0.0 3.0 24.0 0.0 1.0 0.0 0.0 0.0 0.0 
