1.0 0.0 7.0 7.0 7.0 7.0 7.0 1.0 0.0 7.0 7.0 7.0 7.0 7.0 
2.0 1.0 8.0 8.0 0.0 8.0 8.0 2.0 1.0 8.0 8.0 9.0 1.0 8.0 
3.0 2.0 10.0 0.0 1.0 9.0 9.0 3.0 3.0 10.0 10.0 1.0 2.0 9.0 
4.0 0.0 10.0 0.0 1.0 9.0 9.0 3.0 3.0 10.0 11.0 2.0 0.0 10.0 
7.0 0.0 10.0 0.0 0.0 10.0 10.0 4.0 0.0 10.0 11.0 0.0 0.0 10.0 
8.0 1.0 0.0 0.0 1.0 11.0 11.0 17.0 1.0 11.0 0.0 0.0 0.0 11.0 
8.0 2.0 2.0 1.0 0.0 12.0 12.0 21.0 1.0 0.0 0.0 0.0 1.0 12.0 
9.0 0.0 2.0 0.0 0.0 12.0 12.0 23.0 1.0 0.0 0.0 0.0 0.0 13.0 
10.0 1.0 0.0 1.0 1.0 13.0 13.0 27.0 1.0 1.0 1.0 1.0 1.0 1.0 
11.0 0.0 0.0 1.0 1.0 13.0 13.0 27.0 1.0 1.0 2.0 0.0 1.0 1.0 
13.0 0.0 0.0 0.0 1.0 13.0 13.0 27.0 1.0 1.0 2.0 0.0 0.0 1.0 
14.0 0.0 0.0 0.0 0.0 13.0 0.0 42.0 0.0 0.0 2.0 0.0 0.0 1.0 
17.0 1.0 1.0 1.0 1.0 0.0 1.0 43.0 1.0 0.0 3.0 1.0 1.0 1.0 
18.0 0.0 1.0 1.0 1.0 0.0 1.0 43.0 1.0 0.0 3.0 2.0 0.0 1.0 
18.0 0.0 2.0 0.0 1.0 0.0 1.0 43.0 1.0 0.0 3.0 2.0 0.0 1.0 
19.0 0.0 2.0 0.0 1.0 0.0 0.0 44.0 3.0 0.0 0.0 2.0 0.0 1.0 
20.0 1.0 0.0 0.0 1.0 0.0 0.0 45.0 3.0 0.0 1.0 0.0 0.0 1.0 
21.0 0.0 0.0 0.0 1.0 0.0 0.0 45.0 3.0 0.0 1.0 0.0 0.0 1.0 
22.0 0.0 0.0 0.0 0.0 0.0 0.0 50.0 0.0 0.0 0.0 0.0 0.0 0.0 
