1.0 0.0 6.0 6.0 6.0 6.0 6.0 0.0 6.0 7.0 7.0 7.0 7.0 7.0 
2.0 1.0 8.0 0.0 7.0 7.0 7.0 1.0 7.0 0.0 8.0 8.0 8.0 8.0 
3.0 3.0 10.0 2.0 0.0 8.0 8.0 2.0 0.0 0.0 9.0 9.0 9.0 9.0 
3.0 4.0 11.0 4.0 0.0 9.0 9.0 3.0 1.0 1.0 0.0 9.0 9.0 9.0 
4.0 0.0 11.0 5.0 1.0 10.0 10.0 4.0 2.0 2.0 1.0 11.0 1.0 10.0 
4.0 0.0 11.0 6.0 0.0 10.0 10.0 4.0 2.0 2.0 1.0 12.0 0.0 10.0 
5.0 1.0 12.0 0.0 0.0 10.0 11.0 5.0 0.0 2.0 1.0 13.0 1.0 11.0 
6.0 0.0 12.0 0.0 0.0 0.0 11.0 17.0 1.0 0.0 0.0 13.0 1.0 11.0 
22.0 1.0 0.0 0.0 1.0 1.0 12.0 17.0 2.0 1.0 1.0 0.0 2.0 12.0 
23.0 1.0 0.0 0.0 0.0 1.0 12.0 17.0 2.0 2.0 0.0 0.0 2.0 12.0 
24.0 1.0 0.0 0.0 0.0 0.0 13.0 18.0 0.0 2.0 0.0 0.0 2.0 12.0 
25.0 0.0 0.0 0.0 0.0 0.0 13.0 19.0 0.0 2.0 0.0 1.0 0.0 12.0 
28.0 1.0 1.0 1.0 1.0 1.0 0.0 19.0 0.0 3.0 1.0 2.0 1.0 13.0 
28.0 1.0 1.0 2.0 0.0 1.0 1.0 20.0 1.0 0.0 1.0 2.0 1.0 13.0 
29.0 0.0 1.0 2.0 0.0 1.0 1.0 20.0 1.0 0.0 1.0 3.0 0.0 13.0 
43.0 0.0 2.0 0.0 0.0 1.0 1.0 20.0 1.0 0.0 1.0 3.0 0.0 0.0 
44.0 0.0 2.0 0.0 0.0 0.0 0.0 23.0 0.0 0.0 0.0 3.0 0.0 0.0 
45.0 1.0 0.0 0.0 0.0 0.0 0.0 24.0 0.0 1.0 1.0 0.0 0.0 0.0 
46.0 0.0 0.0 0.0 0.0 0.0 0.0 26.0 0.0 0.0 0.0 0.0 0.0 0.0 
