1.0 7.0 7.0 7.0 0.0 7.0 7.0 2.0 8.0 8.0 8.0 1.0 8.0 1.0 
1.0 7.0 7.0 8.0 0.0 8.0 8.0 3.0 9.0 9.0 9.0 2.0 0.0 1.0 
2.0 8.0 0.0 8.0 0.0 8.0 8.0 3.0 9.0 11.0 11.0 1.0 1.0 2.0 
3.0 0.0 1.0 9.0 1.0 10.0 10.0 4.0 11.0 1.0 12.0 3.0 3.0 4.0 
3.0 1.0 3.0 11.0 0.0 11.0 11.0 5.0 12.0 2.0 0.0 4.0 4.0 5.0 
4.0 0.0 4.0 12.0 1.0 12.0 12.0 6.0 0.0 3.0 1.0 5.0 5.0 7.0 
4.0 0.0 4.0 13.0 0.0 12.0 12.0 6.0 0.0 4.0 0.0 5.0 5.0 7.0 
7.0 1.0 5.0 0.0 1.0 13.0 14.0 7.0 2.0 6.0 2.0 0.0 6.0 8.0 
8.0 2.0 0.0 0.0 1.0 13.0 15.0 8.0 3.0 7.0 3.0 2.0 1.0 9.0 
11.0 2.0 0.0 0.0 0.0 14.0 16.0 9.0 0.0 7.0 3.0 0.0 1.0 9.0 
12.0 0.0 0.0 0.0 0.0 14.0 16.0 10.0 0.0 7.0 3.0 0.0 0.0 10.0 
12.0 0.0 2.0 0.0 1.0 15.0 17.0 11.0 1.0 0.0 3.0 0.0 0.0 10.0 
13.0 1.0 0.0 1.0 2.0 16.0 18.0 13.0 1.0 1.0 4.0 1.0 1.0 0.0 
15.0 1.0 0.0 2.0 0.0 16.0 18.0 13.0 1.0 1.0 4.0 1.0 0.0 0.0 
15.0 2.0 1.0 0.0 0.0 16.0 18.0 13.0 2.0 0.0 4.0 1.0 0.0 0.0 
15.0 3.0 0.0 0.0 0.0 16.0 19.0 14.0 3.0 1.0 0.0 1.0 0.0 0.0 
16.0 0.0 0.0 0.0 0.0 17.0 20.0 15.0 0.0 1.0 0.0 1.0 1.0 1.0 
17.0 2.0 2.0 2.0 2.0 1.0 1.0 36.0 1.0 1.0 1.0 2.0 2.0 2.0 
18.0 0.0 2.0 2.0 2.0 1.0 1.0 36.0 2.0 0.0 1.0 2.0 2.0 3.0 
22.0 0.0 3.0 0.0 2.0 0.0 1.0 38.0 2.0 0.0 2.0 0.0 2.0 0.0 
23.0 1.0 0.0 0.0 2.0 0.0 2.0 39.0 0.0 0.0 2.0 0.0 2.0 1.0 
26.0 1.0 0.0 1.0 0.0 0.0 0.0 42.0 0.0 1.0 0.0 0.0 0.0 1.0 
27.0 0.0 0.0 1.0 0.0 0.0 0.0 43.0 0.0 0.0 0.0 0.0 0.0 1.0 
28.0 0.0 0.0 0.0 0.0 0.0 0.0 44.0 0.0 0.0 0.0 0.0 0.0 0.0 
