1.0 7.0 7.0 0.0 6.0 7.0 7.0 1.0 7.0 7.0 7.0 1.0 7.0 7.0 
2.0 0.0 8.0 1.0 7.0 8.0 9.0 2.0 1.0 8.0 8.0 2.0 8.0 8.0 
3.0 1.0 9.0 2.0 0.0 9.0 10.0 3.0 2.0 9.0 10.0 4.0 1.0 9.0 
4.0 3.0 11.0 0.0 1.0 10.0 11.0 4.0 3.0 0.0 10.0 4.0 1.0 10.0 
9.0 3.0 11.0 0.0 0.0 10.0 11.0 4.0 3.0 0.0 10.0 0.0 1.0 10.0 
22.0 4.0 0.0 0.0 0.0 12.0 13.0 5.0 1.0 1.0 0.0 1.0 2.0 11.0 
23.0 5.0 1.0 1.0 1.0 0.0 14.0 7.0 1.0 2.0 1.0 3.0 1.0 12.0 
23.0 5.0 2.0 0.0 1.0 0.0 14.0 8.0 0.0 2.0 1.0 4.0 0.0 12.0 
24.0 0.0 2.0 0.0 1.0 0.0 14.0 10.0 1.0 0.0 1.0 5.0 1.0 13.0 
30.0 0.0 2.0 0.0 0.0 0.0 14.0 11.0 1.0 0.0 0.0 0.0 1.0 13.0 
31.0 1.0 0.0 0.0 0.0 0.0 14.0 13.0 0.0 0.0 0.0 0.0 0.0 13.0 
32.0 0.0 0.0 0.0 0.0 0.0 14.0 13.0 0.0 0.0 0.0 0.0 0.0 13.0 
33.0 1.0 1.0 1.0 1.0 2.0 1.0 13.0 1.0 1.0 1.0 1.0 1.0 14.0 
34.0 0.0 1.0 1.0 1.0 2.0 1.0 13.0 1.0 1.0 1.0 2.0 0.0 14.0 
34.0 0.0 2.0 0.0 1.0 2.0 1.0 13.0 1.0 1.0 1.0 2.0 0.0 14.0 
35.0 0.0 2.0 0.0 0.0 2.0 1.0 13.0 1.0 2.0 2.0 0.0 0.0 14.0 
36.0 1.0 0.0 0.0 0.0 2.0 2.0 15.0 0.0 0.0 2.0 0.0 0.0 14.0 
37.0 0.0 0.0 0.0 0.0 2.0 2.0 15.0 0.0 0.0 2.0 0.0 0.0 14.0 
40.0 0.0 0.0 0.0 0.0 3.0 0.0 15.0 0.0 0.0 0.0 0.0 0.0 14.0 
41.0 0.0 1.0 1.0 1.0 4.0 1.0 16.0 1.0 1.0 1.0 1.0 2.0 1.0 
43.0 0.0 2.0 2.0 2.0 0.0 1.0 16.0 1.0 1.0 1.0 1.0 2.0 0.0 
44.0 0.0 3.0 0.0 2.0 0.0 1.0 17.0 0.0 1.0 2.0 0.0 2.0 0.0 
45.0 1.0 0.0 0.0 2.0 0.0 0.0 19.0 0.0 2.0 0.0 0.0 2.0 1.0 
46.0 0.0 0.0 0.0 0.0 0.0 0.0 26.0 0.0 0.0 0.0 0.0 0.0 0.0 
