1.0 7.0 8.0 8.0 0.0 7.0 7.0 1.0 0.0 6.0 6.0 7.0 7.0 7.0 
2.0 8.0 9.0 10.0 2.0 0.0 8.0 2.0 1.0 0.0 6.0 8.0 8.0 8.0 
3.0 9.0 10.0 0.0 3.0 1.0 10.0 3.0 3.0 2.0 8.0 10.0 1.0 9.0 
4.0 11.0 0.0 1.0 5.0 3.0 12.0 4.0 5.0 4.0 10.0 1.0 2.0 10.0 
4.0 12.0 1.0 0.0 6.0 4.0 13.0 5.0 0.0 4.0 10.0 1.0 2.0 10.0 
5.0 13.0 2.0 1.0 0.0 4.0 13.0 5.0 0.0 4.0 11.0 2.0 1.0 11.0 
6.0 14.0 0.0 1.0 0.0 4.0 13.0 5.0 0.0 4.0 11.0 3.0 0.0 11.0 
7.0 14.0 0.0 0.0 0.0 4.0 13.0 5.0 0.0 4.0 11.0 3.0 0.0 11.0 
8.0 15.0 1.0 1.0 1.0 0.0 14.0 6.0 1.0 0.0 11.0 3.0 0.0 11.0 
8.0 15.0 1.0 2.0 0.0 0.0 14.0 6.0 1.0 0.0 11.0 3.0 0.0 11.0 
8.0 16.0 0.0 4.0 0.0 1.0 15.0 10.0 2.0 1.0 0.0 3.0 0.0 12.0 
9.0 17.0 1.0 0.0 0.0 1.0 15.0 10.0 3.0 0.0 0.0 3.0 0.0 13.0 
9.0 18.0 0.0 0.0 0.0 2.0 16.0 11.0 0.0 0.0 0.0 3.0 0.0 13.0 
11.0 1.0 1.0 1.0 1.0 3.0 1.0 28.0 1.0 2.0 3.0 2.0 2.0 15.0 
11.0 1.0 2.0 2.0 2.0 0.0 2.0 30.0 3.0 0.0 0.0 2.0 2.0 15.0 
11.0 2.0 3.0 0.0 2.0 0.0 2.0 31.0 3.0 0.0 1.0 0.0 2.0 15.0 
12.0 3.0 0.0 0.0 2.0 1.0 3.0 32.0 0.0 0.0 1.0 0.0 2.0 16.0 
15.0 3.0 0.0 1.0 0.0 0.0 3.0 34.0 0.0 0.0 0.0 0.0 0.0 16.0 
15.0 4.0 1.0 3.0 0.0 1.0 4.0 35.0 1.0 1.0 2.0 2.0 2.0 1.0 
15.0 5.0 0.0 3.0 0.0 1.0 4.0 35.0 2.0 2.0 0.0 2.0 2.0 1.0 
16.0 5.0 0.0 3.0 0.0 0.0 4.0 37.0 3.0 0.0 0.0 3.0 0.0 1.0 
17.0 0.0 0.0 3.0 0.0 0.0 4.0 37.0 4.0 1.0 2.0 1.0 1.0 2.0 
18.0 1.0 1.0 0.0 1.0 1.0 5.0 38.0 0.0 1.0 2.0 1.0 1.0 2.0 
18.0 1.0 1.0 0.0 2.0 0.0 5.0 38.0 0.0 1.0 2.0 1.0 1.0 2.0 
18.0 2.0 0.0 0.0 2.0 0.0 0.0 44.0 0.0 0.0 2.0 1.0 1.0 2.0 
19.0 0.0 0.0 0.0 2.0 0.0 0.0 44.0 0.0 0.0 3.0 0.0 1.0 3.0 
20.0 0.0 0.0 1.0 0.0 0.0 0.0 45.0 0.0 0.0 3.0 0.0 0.0 3.0 
21.0 0.0 0.0 0.0 0.0 0.0 0.0 51.0 0.0 0.0 0.0 0.0 0.0 0.0 
