1.0 7.0 7.0 7.0 7.0 7.0 0.0 0.0 6.0 6.0 6.0 6.0 6.0 6.0 
2.0 8.0 8.0 8.0 0.0 7.0 0.0 0.0 6.0 6.0 6.0 7.0 7.0 7.0 
3.0 0.0 9.0 9.0 1.0 8.0 2.0 1.0 1.0 7.0 7.0 8.0 8.0 8.0 
4.0 1.0 0.0 10.0 2.0 9.0 4.0 2.0 3.0 9.0 1.0 9.0 9.0 9.0 
5.0 2.0 1.0 0.0 2.0 10.0 6.0 3.0 1.0 10.0 2.0 10.0 10.0 10.0 
6.0 4.0 0.0 1.0 3.0 11.0 7.0 5.0 1.0 0.0 2.0 10.0 11.0 11.0 
7.0 0.0 0.0 1.0 3.0 11.0 7.0 5.0 1.0 0.0 2.0 11.0 12.0 12.0 
8.0 0.0 1.0 2.0 4.0 12.0 8.0 7.0 1.0 1.0 3.0 0.0 12.0 13.0 
9.0 1.0 2.0 3.0 0.0 12.0 8.0 7.0 1.0 1.0 3.0 0.0 12.0 13.0 
10.0 0.0 2.0 3.0 0.0 12.0 8.0 7.0 1.0 1.0 3.0 0.0 12.0 13.0 
11.0 1.0 3.0 0.0 0.0 12.0 8.0 7.0 1.0 1.0 3.0 0.0 12.0 13.0 
12.0 2.0 0.0 0.0 0.0 12.0 8.0 7.0 1.0 1.0 3.0 0.0 12.0 14.0 
12.0 4.0 0.0 1.0 1.0 13.0 9.0 10.0 2.0 3.0 1.0 1.0 0.0 15.0 
12.0 4.0 0.0 2.0 0.0 13.0 10.0 11.0 0.0 3.0 1.0 1.0 0.0 15.0 
12.0 5.0 1.0 0.0 0.0 13.0 11.0 12.0 1.0 0.0 1.0 1.0 0.0 15.0 
13.0 0.0 1.0 0.0 0.0 13.0 11.0 12.0 1.0 0.0 3.0 1.0 1.0 16.0 
30.0 0.0 0.0 0.0 0.0 13.0 12.0 14.0 0.0 1.0 0.0 1.0 1.0 0.0 
34.0 1.0 1.0 1.0 1.0 0.0 13.0 15.0 1.0 0.0 1.0 1.0 2.0 1.0 
35.0 0.0 1.0 1.0 1.0 0.0 13.0 15.0 1.0 0.0 2.0 2.0 0.0 1.0 
37.0 0.0 0.0 1.0 1.0 0.0 13.0 15.0 1.0 0.0 2.0 2.0 0.0 0.0 
37.0 0.0 0.0 2.0 0.0 0.0 13.0 15.0 2.0 1.0 0.0 2.0 0.0 0.0 
38.0 0.0 1.0 0.0 0.0 0.0 13.0 15.0 3.0 0.0 0.0 2.0 0.0 0.0 
39.0 0.0 1.0 0.0 0.0 0.0 14.0 16.0 0.0 0.0 0.0 2.0 0.0 0.0 
40.0 0.0 0.0 0.0 0.0 0.0 14.0 17.0 0.0 0.0 1.0 0.0 0.0 0.0 
