1.0 7.0 0.0 6.0 7.0 7.0 7.0 1.0 7.0 7.0 1.0 7.0 7.0 7.0 
1.0 8.0 0.0 7.0 8.0 8.0 8.0 2.0 8.0 0.0 1.0 7.0 7.0 7.0 
2.0 10.0 2.0 0.0 9.0 9.0 9.0 3.0 0.0 1.0 2.0 8.0 8.0 9.0 
3.0 0.0 2.0 1.0 11.0 11.0 11.0 4.0 2.0 3.0 4.0 1.0 9.0 10.0 
4.0 1.0 0.0 1.0 11.0 11.0 12.0 5.0 0.0 3.0 4.0 1.0 9.0 10.0 
14.0 1.0 0.0 0.0 11.0 11.0 12.0 5.0 0.0 3.0 4.0 1.0 0.0 10.0 
15.0 2.0 1.0 1.0 0.0 11.0 13.0 5.0 1.0 4.0 6.0 1.0 1.0 11.0 
16.0 0.0 1.0 1.0 0.0 12.0 14.0 6.0 2.0 0.0 6.0 1.0 1.0 12.0 
17.0 1.0 2.0 2.0 1.0 0.0 15.0 6.0 3.0 1.0 8.0 1.0 2.0 13.0 
18.0 0.0 2.0 2.0 1.0 1.0 16.0 7.0 0.0 1.0 8.0 1.0 2.0 13.0 
18.0 0.0 2.0 3.0 0.0 1.0 16.0 7.0 0.0 1.0 8.0 1.0 2.0 13.0 
19.0 1.0 3.0 0.0 0.0 1.0 16.0 7.0 0.0 1.0 9.0 2.0 0.0 13.0 
20.0 0.0 3.0 0.0 0.0 1.0 16.0 7.0 0.0 1.0 9.0 2.0 0.0 13.0 
30.0 0.0 3.0 0.0 0.0 0.0 16.0 7.0 0.0 1.0 0.0 2.0 0.0 13.0 
31.0 1.0 0.0 0.0 0.0 0.0 16.0 7.0 0.0 2.0 1.0 0.0 0.0 14.0 
32.0 0.0 0.0 0.0 0.0 0.0 16.0 7.0 0.0 3.0 0.0 0.0 0.0 14.0 
33.0 1.0 1.0 2.0 2.0 2.0 1.0 7.0 1.0 4.0 1.0 1.0 1.0 15.0 
34.0 0.0 1.0 2.0 2.0 2.0 1.0 7.0 1.0 4.0 2.0 0.0 1.0 15.0 
50.0 0.0 2.0 0.0 2.0 2.0 1.0 7.0 1.0 4.0 2.0 0.0 1.0 0.0 
51.0 1.0 0.0 0.0 2.0 2.0 1.0 7.0 2.0 5.0 0.0 0.0 1.0 0.0 
52.0 0.0 0.0 0.0 2.0 2.0 1.0 7.0 2.0 5.0 0.0 0.0 1.0 0.0 
53.0 0.0 0.0 0.0 3.0 0.0 1.0 7.0 2.0 5.0 0.0 0.0 1.0 0.0 
54.0 0.0 1.0 1.0 0.0 0.0 2.0 8.0 0.0 5.0 0.0 0.0 1.0 0.0 
55.0 0.0 0.0 0.0 0.0 0.0 2.0 10.0 0.0 5.0 0.0 0.0 0.0 0.0 
56.0 0.0 0.0 0.0 2.0 2.0 0.0 11.0 1.0 0.0 0.0 0.0 0.0 0.0 
