1.0 7.0 7.0 7.0 7.0 0.0 6.0 0.0 6.0 6.0 6.0 6.0 6.0 7.0 
2.0 8.0 0.0 7.0 8.0 1.0 7.0 1.0 7.0 8.0 1.0 7.0 7.0 8.0 
2.0 8.0 0.0 8.0 9.0 0.0 8.0 2.0 8.0 9.0 2.0 8.0 0.0 8.0 
2.0 10.0 0.0 9.0 10.0 1.0 9.0 3.0 9.0 0.0 2.0 8.0 0.0 9.0 
3.0 12.0 1.0 11.0 0.0 2.0 11.0 6.0 1.0 1.0 3.0 9.0 1.0 11.0 
4.0 0.0 2.0 12.0 1.0 3.0 1.0 19.0 1.0 1.0 4.0 10.0 2.0 12.0 
4.0 0.0 2.0 13.0 0.0 3.0 1.0 20.0 0.0 1.0 5.0 11.0 0.0 12.0 
5.0 1.0 0.0 13.0 0.0 4.0 2.0 21.0 1.0 2.0 0.0 11.0 0.0 12.0 
5.0 2.0 1.0 14.0 1.0 0.0 2.0 21.0 1.0 2.0 0.0 11.0 0.0 12.0 
6.0 0.0 2.0 15.0 2.0 1.0 3.0 23.0 1.0 3.0 1.0 0.0 1.0 14.0 
6.0 0.0 2.0 0.0 3.0 0.0 3.0 39.0 1.0 3.0 1.0 0.0 0.0 14.0 
7.0 1.0 0.0 0.0 3.0 0.0 3.0 39.0 1.0 4.0 0.0 0.0 0.0 14.0 
7.0 2.0 1.0 1.0 0.0 0.0 3.0 39.0 1.0 4.0 0.0 0.0 0.0 14.0 
7.0 2.0 2.0 0.0 0.0 1.0 4.0 41.0 1.0 0.0 0.0 0.0 0.0 14.0 
7.0 3.0 3.0 2.0 2.0 0.0 5.0 43.0 1.0 1.0 1.0 1.0 2.0 1.0 
8.0 4.0 0.0 2.0 2.0 0.0 5.0 43.0 1.0 2.0 0.0 1.0 2.0 2.0 
9.0 0.0 0.0 2.0 0.0 0.0 5.0 46.0 1.0 2.0 0.0 3.0 1.0 3.0 
13.0 0.0 1.0 0.0 0.0 0.0 0.0 53.0 0.0 3.0 1.0 0.0 1.0 0.0 
14.0 0.0 0.0 0.0 0.0 0.0 0.0 58.0 0.0 0.0 0.0 0.0 0.0 0.0 
