1.0 7.0 0.0 7.0 7.0 7.0 7.0 1.0 0.0 7.0 7.0 7.0 7.0 7.0 
2.0 8.0 1.0 8.0 8.0 0.0 8.0 2.0 1.0 8.0 8.0 9.0 1.0 8.0 
3.0 10.0 3.0 10.0 0.0 1.0 9.0 3.0 2.0 1.0 9.0 10.0 2.0 9.0 
14.0 10.0 3.0 10.0 0.0 0.0 9.0 3.0 2.0 1.0 0.0 11.0 0.0 9.0 
17.0 0.0 3.0 10.0 0.0 1.0 11.0 4.0 1.0 2.0 0.0 12.0 1.0 10.0 
17.0 1.0 4.0 12.0 0.0 2.0 12.0 6.0 1.0 3.0 1.0 0.0 2.0 11.0 
18.0 0.0 4.0 12.0 0.0 2.0 12.0 6.0 1.0 3.0 2.0 1.0 0.0 11.0 
19.0 1.0 0.0 12.0 0.0 2.0 12.0 6.0 1.0 3.0 2.0 1.0 1.0 12.0 
20.0 0.0 0.0 12.0 0.0 2.0 13.0 7.0 2.0 0.0 2.0 1.0 1.0 12.0 
20.0 0.0 0.0 13.0 1.0 0.0 13.0 7.0 2.0 0.0 2.0 1.0 1.0 12.0 
25.0 1.0 1.0 0.0 2.0 1.0 14.0 7.0 3.0 1.0 3.0 0.0 1.0 13.0 
26.0 0.0 1.0 0.0 2.0 1.0 14.0 7.0 4.0 0.0 3.0 0.0 1.0 13.0 
40.0 0.0 0.0 0.0 2.0 1.0 14.0 7.0 4.0 0.0 3.0 0.0 1.0 0.0 
41.0 0.0 1.0 1.0 0.0 2.0 15.0 8.0 0.0 0.0 3.0 0.0 1.0 0.0 
42.0 0.0 1.0 0.0 1.0 0.0 15.0 10.0 0.0 0.0 3.0 0.0 0.0 0.0 
43.0 0.0 0.0 0.0 1.0 0.0 15.0 11.0 2.0 0.0 0.0 0.0 0.0 0.0 
