1.0 7.0 7.0 0.0 7.0 7.0 7.0 1.0 7.0 7.0 0.0 7.0 7.0 7.0 
1.0 8.0 9.0 0.0 8.0 8.0 8.0 2.0 0.0 7.0 0.0 7.0 7.0 7.0 
2.0 9.0 0.0 1.0 9.0 10.0 10.0 3.0 2.0 1.0 1.0 8.0 8.0 8.0 
11.0 9.0 0.0 0.0 9.0 10.0 11.0 4.0 0.0 1.0 1.0 8.0 0.0 8.0 
12.0 10.0 1.0 1.0 0.0 10.0 11.0 4.0 0.0 3.0 1.0 9.0 1.0 9.0 
13.0 11.0 3.0 3.0 2.0 0.0 12.0 5.0 2.0 5.0 3.0 1.0 2.0 10.0 
14.0 12.0 0.0 3.0 0.0 0.0 12.0 9.0 3.0 6.0 0.0 0.0 2.0 11.0 
17.0 0.0 0.0 4.0 1.0 1.0 13.0 10.0 4.0 7.0 1.0 2.0 0.0 12.0 
18.0 1.0 1.0 0.0 1.0 1.0 13.0 10.0 4.0 8.0 0.0 2.0 0.0 13.0 
19.0 0.0 1.0 0.0 1.0 1.0 13.0 10.0 4.0 9.0 1.0 0.0 0.0 13.0 
20.0 0.0 1.0 0.0 0.0 1.0 13.0 10.0 4.0 9.0 1.0 0.0 0.0 13.0 
21.0 0.0 1.0 0.0 2.0 0.0 14.0 11.0 0.0 9.0 1.0 0.0 0.0 13.0 
35.0 0.0 0.0 0.0 2.0 0.0 14.0 11.0 0.0 10.0 0.0 0.0 0.0 0.0 
36.0 0.0 0.0 1.0 3.0 1.0 15.0 14.0 1.0 0.0 0.0 0.0 0.0 1.0 
38.0 0.0 1.0 2.0 0.0 1.0 15.0 14.0 1.0 0.0 0.0 0.0 0.0 0.0 
