1.0 7.0 7.0 0.0 6.0 6.0 6.0 0.0 6.0 6.0 6.0 7.0 7.0 7.0 
2.0 8.0 8.0 1.0 0.0 7.0 7.0 1.0 7.0 7.0 0.0 8.0 8.0 8.0 
3.0 9.0 10.0 3.0 2.0 0.0 8.0 2.0 8.0 0.0 0.0 9.0 9.0 9.0 
3.0 10.0 11.0 5.0 0.0 1.0 9.0 3.0 9.0 1.0 1.0 10.0 0.0 9.0 
7.0 0.0 11.0 5.0 0.0 2.0 10.0 3.0 11.0 1.0 0.0 11.0 1.0 10.0 
10.0 1.0 0.0 5.0 0.0 3.0 11.0 3.0 13.0 1.0 0.0 12.0 2.0 11.0 
11.0 2.0 1.0 0.0 0.0 3.0 11.0 3.0 14.0 0.0 0.0 12.0 3.0 12.0 
12.0 4.0 0.0 1.0 1.0 4.0 12.0 5.0 1.0 2.0 0.0 13.0 4.0 13.0 
17.0 4.0 0.0 0.0 1.0 4.0 12.0 5.0 1.0 2.0 0.0 13.0 0.0 13.0 
18.0 0.0 0.0 0.0 1.0 4.0 13.0 7.0 0.0 0.0 0.0 14.0 1.0 14.0 
34.0 0.0 0.0 0.0 0.0 4.0 13.0 7.0 0.0 0.0 0.0 0.0 0.0 14.0 
35.0 0.0 1.0 1.0 1.0 5.0 14.0 8.0 1.0 1.0 1.0 1.0 2.0 1.0 
37.0 0.0 0.0 1.0 1.0 5.0 14.0 8.0 1.0 1.0 1.0 1.0 2.0 0.0 
37.0 0.0 0.0 2.0 0.0 5.0 14.0 8.0 2.0 0.0 1.0 1.0 2.0 0.0 
38.0 1.0 1.0 3.0 1.0 2.0 1.0 14.0 3.0 1.0 1.0 2.0 3.0 1.0 
38.0 1.0 1.0 4.0 2.0 0.0 1.0 14.0 3.0 2.0 0.0 2.0 3.0 1.0 
39.0 0.0 1.0 4.0 2.0 1.0 2.0 15.0 0.0 2.0 0.0 2.0 3.0 1.0 
39.0 0.0 2.0 5.0 0.0 1.0 2.0 15.0 0.0 2.0 0.0 2.0 3.0 1.0 
40.0 1.0 3.0 0.0 0.0 0.0 2.0 18.0 1.0 0.0 1.0 0.0 4.0 2.0 
41.0 2.0 0.0 0.0 0.0 0.0 2.0 19.0 1.0 0.0 0.0 0.0 4.0 3.0 
42.0 0.0 0.0 0.0 0.0 0.0 0.0 30.0 0.0 0.0 0.0 0.0 0.0 0.0 
