1.0 7.0 7.0 0.0 6.0 7.0 7.0 1.0 7.0 7.0 7.0 1.0 7.0 7.0 
2.0 9.0 9.0 2.0 0.0 8.0 8.0 2.0 0.0 7.0 7.0 2.0 8.0 8.0 
3.0 0.0 10.0 3.0 1.0 10.0 10.0 3.0 2.0 1.0 8.0 3.0 9.0 9.0 
4.0 1.0 11.0 0.0 2.0 11.0 11.0 4.0 3.0 2.0 9.0 4.0 0.0 10.0 
4.0 3.0 13.0 2.0 0.0 12.0 12.0 5.0 4.0 3.0 0.0 4.0 0.0 10.0 
5.0 0.0 13.0 2.0 1.0 13.0 13.0 6.0 0.0 3.0 0.0 4.0 1.0 11.0 
8.0 1.0 0.0 3.0 2.0 14.0 14.0 6.0 1.0 4.0 1.0 6.0 0.0 12.0 
9.0 0.0 0.0 3.0 2.0 15.0 15.0 7.0 2.0 0.0 1.0 6.0 0.0 12.0 
10.0 1.0 1.0 0.0 2.0 15.0 15.0 7.0 2.0 0.0 1.0 6.0 0.0 12.0 
11.0 0.0 1.0 0.0 2.0 15.0 15.0 7.0 2.0 0.0 1.0 6.0 0.0 12.0 
12.0 1.0 2.0 2.0 4.0 1.0 16.0 7.0 3.0 1.0 2.0 7.0 1.0 13.0 
13.0 2.0 3.0 3.0 0.0 1.0 16.0 7.0 4.0 2.0 0.0 7.0 1.0 13.0 
14.0 2.0 3.0 3.0 0.0 0.0 16.0 7.0 4.0 2.0 0.0 7.0 1.0 13.0 
15.0 0.0 3.0 3.0 1.0 1.0 17.0 8.0 5.0 3.0 1.0 0.0 1.0 14.0 
15.0 0.0 3.0 4.0 0.0 1.0 17.0 8.0 5.0 4.0 0.0 0.0 1.0 14.0 
16.0 1.0 0.0 0.0 0.0 1.0 17.0 13.0 5.0 4.0 0.0 0.0 0.0 15.0 
17.0 1.0 0.0 0.0 1.0 2.0 18.0 14.0 0.0 4.0 0.0 0.0 0.0 15.0 
18.0 1.0 0.0 0.0 0.0 3.0 19.0 15.0 1.0 0.0 0.0 0.0 0.0 15.0 
18.0 2.0 2.0 0.0 1.0 4.0 20.0 17.0 1.0 1.0 1.0 2.0 2.0 1.0 
18.0 3.0 3.0 1.0 2.0 0.0 20.0 17.0 1.0 1.0 2.0 3.0 0.0 1.0 
18.0 3.0 4.0 2.0 0.0 0.0 0.0 39.0 0.0 2.0 3.0 0.0 0.0 1.0 
19.0 0.0 0.0 2.0 0.0 0.0 0.0 46.0 0.0 0.0 3.0 0.0 1.0 1.0 
21.0 0.0 1.0 0.0 0.0 0.0 0.0 47.0 2.0 0.0 0.0 0.0 1.0 0.0 
22.0 0.0 0.0 0.0 0.0 0.0 0.0 50.0 0.0 0.0 0.0 0.0 0.0 0.0 
