1.0 7.0 7.0 7.0 7.0 0.0 6.0 0.0 6.0 6.0 6.0 6.0 6.0 7.0 
2.0 8.0 9.0 0.0 8.0 1.0 7.0 1.0 0.0 7.0 7.0 7.0 7.0 8.0 
2.0 8.0 10.0 2.0 10.0 0.0 8.0 2.0 1.0 0.0 7.0 7.0 7.0 8.0 
3.0 9.0 11.0 3.0 0.0 1.0 9.0 3.0 3.0 2.0 9.0 9.0 1.0 9.0 
15.0 10.0 0.0 3.0 0.0 2.0 10.0 3.0 4.0 3.0 0.0 11.0 1.0 10.0 
16.0 0.0 1.0 5.0 2.0 4.0 12.0 4.0 6.0 5.0 2.0 1.0 2.0 12.0 
17.0 1.0 2.0 0.0 2.0 4.0 12.0 4.0 7.0 6.0 0.0 1.0 3.0 13.0 
17.0 1.0 3.0 1.0 0.0 4.0 12.0 4.0 7.0 7.0 1.0 2.0 0.0 13.0 
18.0 0.0 4.0 2.0 1.0 5.0 13.0 5.0 8.0 0.0 1.0 2.0 0.0 13.0 
19.0 1.0 0.0 2.0 1.0 5.0 13.0 5.0 8.0 0.0 1.0 2.0 1.0 14.0 
20.0 0.0 0.0 2.0 1.0 5.0 13.0 5.0 8.0 0.0 1.0 3.0 0.0 14.0 
35.0 0.0 1.0 0.0 1.0 5.0 13.0 5.0 8.0 0.0 1.0 3.0 0.0 0.0 
36.0 0.0 0.0 0.0 1.0 5.0 13.0 5.0 9.0 1.0 2.0 0.0 0.0 0.0 
37.0 0.0 0.0 0.0 0.0 5.0 13.0 5.0 10.0 0.0 2.0 0.0 0.0 0.0 
38.0 1.0 1.0 1.0 1.0 0.0 13.0 5.0 11.0 1.0 0.0 0.0 0.0 0.0 
39.0 0.0 1.0 1.0 1.0 0.0 13.0 5.0 11.0 1.0 0.0 0.0 0.0 0.0 
39.0 0.0 1.0 2.0 0.0 0.0 13.0 5.0 11.0 1.0 0.0 0.0 0.0 0.0 
40.0 0.0 2.0 3.0 0.0 1.0 14.0 8.0 0.0 1.0 0.0 1.0 1.0 1.0 
41.0 1.0 3.0 0.0 0.0 1.0 14.0 8.0 0.0 1.0 0.0 1.0 1.0 1.0 
42.0 2.0 0.0 0.0 0.0 1.0 14.0 8.0 0.0 1.0 0.0 1.0 1.0 2.0 
43.0 2.0 0.0 0.0 0.0 0.0 0.0 23.0 0.0 0.0 0.0 1.0 1.0 2.0 
44.0 0.0 0.0 0.0 0.0 0.0 0.0 28.0 0.0 0.0 0.0 0.0 0.0 0.0 
