1.0 7.0 7.0 7.0 0.0 6.0 6.0 0.0 6.0 6.0 6.0 6.0 7.0 7.0 
1.0 7.0 7.0 8.0 0.0 7.0 7.0 1.0 7.0 7.0 0.0 6.0 7.0 7.0 
2.0 8.0 8.0 9.0 1.0 0.0 8.0 2.0 8.0 8.0 1.0 8.0 1.0 8.0 
3.0 9.0 0.0 9.0 1.0 0.0 8.0 2.0 9.0 10.0 1.0 9.0 2.0 9.0 
3.0 10.0 2.0 11.0 0.0 1.0 9.0 3.0 0.0 10.0 1.0 9.0 3.0 10.0 
3.0 11.0 3.0 13.0 2.0 0.0 10.0 4.0 1.0 0.0 1.0 9.0 4.0 11.0 
4.0 12.0 0.0 13.0 2.0 0.0 10.0 5.0 1.0 0.0 0.0 9.0 4.0 12.0 
4.0 12.0 1.0 14.0 4.0 0.0 11.0 6.0 2.0 1.0 1.0 0.0 4.0 12.0 
5.0 13.0 3.0 1.0 5.0 1.0 12.0 6.0 3.0 3.0 1.0 1.0 5.0 13.0 
5.0 13.0 3.0 1.0 6.0 0.0 12.0 6.0 3.0 4.0 0.0 1.0 5.0 13.0 
6.0 14.0 0.0 1.0 0.0 0.0 12.0 13.0 3.0 4.0 0.0 0.0 5.0 14.0 
7.0 14.0 0.0 1.0 0.0 0.0 13.0 14.0 4.0 0.0 0.0 0.0 5.0 14.0 
7.0 14.0 0.0 2.0 0.0 1.0 14.0 15.0 0.0 0.0 0.0 0.0 5.0 14.0 
9.0 1.0 1.0 3.0 1.0 2.0 1.0 32.0 1.0 1.0 2.0 2.0 1.0 15.0 
10.0 0.0 1.0 3.0 1.0 2.0 1.0 32.0 1.0 1.0 2.0 2.0 1.0 15.0 
10.0 0.0 1.0 4.0 2.0 0.0 1.0 32.0 1.0 1.0 2.0 2.0 1.0 15.0 
11.0 1.0 2.0 0.0 2.0 0.0 1.0 32.0 2.0 2.0 0.0 2.0 1.0 16.0 
12.0 0.0 2.0 0.0 2.0 0.0 1.0 34.0 3.0 0.0 1.0 0.0 1.0 16.0 
12.0 0.0 3.0 1.0 0.0 0.0 1.0 34.0 3.0 0.0 1.0 0.0 1.0 16.0 
13.0 1.0 0.0 0.0 0.0 0.0 1.0 36.0 3.0 0.0 1.0 0.0 0.0 17.0 
15.0 1.0 0.0 0.0 0.0 0.0 2.0 37.0 0.0 0.0 0.0 0.0 0.0 17.0 
15.0 2.0 1.0 1.0 2.0 0.0 3.0 38.0 1.0 2.0 2.0 2.0 2.0 1.0 
15.0 3.0 0.0 1.0 2.0 0.0 3.0 39.0 2.0 0.0 3.0 3.0 0.0 1.0 
16.0 3.0 0.0 0.0 2.0 0.0 3.0 39.0 3.0 1.0 4.0 0.0 0.0 1.0 
17.0 3.0 0.0 1.0 0.0 0.0 4.0 40.0 4.0 2.0 0.0 0.0 0.0 1.0 
18.0 0.0 0.0 1.0 1.0 1.0 5.0 41.0 0.0 2.0 0.0 0.0 1.0 2.0 
19.0 0.0 0.0 0.0 0.0 1.0 5.0 43.0 0.0 2.0 0.0 0.0 0.0 2.0 
20.0 0.0 0.0 0.0 0.0 0.0 5.0 46.0 0.0 0.0 0.0 0.0 1.0 0.0 
