1.0 7.0 7.0 7.0 0.0 6.0 6.0 0.0 6.0 6.0 6.0 6.0 7.0 7.0 
2.0 0.0 7.0 7.0 0.0 7.0 7.0 1.0 8.0 8.0 8.0 8.0 1.0 8.0 
3.0 1.0 0.0 8.0 1.0 8.0 8.0 2.0 9.0 10.0 10.0 1.0 2.0 9.0 
4.0 2.0 1.0 0.0 1.0 8.0 8.0 2.0 9.0 11.0 12.0 1.0 3.0 10.0 
4.0 3.0 0.0 0.0 1.0 8.0 8.0 2.0 9.0 11.0 13.0 0.0 3.0 10.0 
5.0 5.0 2.0 2.0 1.0 0.0 9.0 6.0 10.0 12.0 1.0 2.0 5.0 12.0 
5.0 6.0 4.0 4.0 0.0 1.0 10.0 7.0 0.0 12.0 1.0 3.0 6.0 13.0 
6.0 7.0 5.0 0.0 0.0 1.0 0.0 18.0 0.0 13.0 2.0 0.0 6.0 14.0 
7.0 0.0 6.0 1.0 1.0 0.0 2.0 22.0 2.0 1.0 4.0 2.0 8.0 16.0 
7.0 0.0 7.0 0.0 1.0 0.0 3.0 23.0 0.0 1.0 4.0 2.0 8.0 16.0 
8.0 1.0 0.0 0.0 1.0 0.0 4.0 24.0 1.0 3.0 1.0 3.0 9.0 17.0 
12.0 1.0 0.0 0.0 0.0 0.0 5.0 26.0 1.0 0.0 1.0 0.0 9.0 17.0 
13.0 1.0 0.0 0.0 1.0 1.0 6.0 27.0 2.0 1.0 2.0 1.0 0.0 17.0 
13.0 1.0 0.0 0.0 2.0 0.0 7.0 28.0 0.0 1.0 2.0 1.0 0.0 17.0 
14.0 0.0 0.0 0.0 2.0 0.0 0.0 36.0 0.0 2.0 0.0 1.0 0.0 17.0 
15.0 0.0 0.0 1.0 0.0 0.0 0.0 36.0 0.0 2.0 0.0 1.0 0.0 17.0 
16.0 0.0 0.0 0.0 0.0 0.0 0.0 56.0 0.0 0.0 0.0 0.0 0.0 0.0 
