1.0 7.0 7.0 7.0 0.0 6.0 6.0 0.0 6.0 6.0 6.0 6.0 7.0 7.0 
2.0 8.0 8.0 9.0 2.0 0.0 7.0 1.0 7.0 0.0 6.0 6.0 8.0 8.0 
3.0 9.0 9.0 0.0 2.0 1.0 8.0 2.0 9.0 2.0 8.0 1.0 9.0 9.0 
3.0 10.0 11.0 2.0 0.0 2.0 9.0 3.0 10.0 3.0 0.0 1.0 9.0 9.0 
3.0 11.0 13.0 4.0 2.0 0.0 10.0 4.0 0.0 3.0 0.0 2.0 10.0 10.0 
4.0 12.0 14.0 0.0 2.0 0.0 10.0 4.0 0.0 4.0 1.0 0.0 10.0 11.0 
4.0 12.0 15.0 1.0 4.0 0.0 11.0 5.0 1.0 5.0 2.0 1.0 0.0 11.0 
6.0 14.0 1.0 2.0 5.0 1.0 12.0 5.0 3.0 7.0 1.0 2.0 1.0 12.0 
6.0 15.0 2.0 0.0 5.0 1.0 12.0 5.0 3.0 7.0 1.0 2.0 1.0 12.0 
7.0 16.0 3.0 1.0 0.0 1.0 12.0 5.0 3.0 8.0 2.0 0.0 1.0 13.0 
7.0 18.0 5.0 0.0 1.0 2.0 13.0 6.0 4.0 0.0 2.0 0.0 1.0 13.0 
8.0 18.0 5.0 0.0 2.0 0.0 13.0 7.0 4.0 0.0 2.0 0.0 0.0 13.0 
10.0 1.0 6.0 1.0 3.0 1.0 14.0 7.0 6.0 2.0 2.0 2.0 2.0 15.0 
11.0 0.0 7.0 2.0 4.0 2.0 15.0 8.0 0.0 2.0 2.0 2.0 2.0 15.0 
12.0 1.0 8.0 3.0 0.0 2.0 15.0 8.0 0.0 2.0 2.0 2.0 2.0 15.0 
13.0 2.0 0.0 3.0 0.0 2.0 15.0 8.0 1.0 3.0 3.0 3.0 3.0 16.0 
14.0 3.0 1.0 0.0 0.0 2.0 16.0 10.0 0.0 4.0 0.0 3.0 3.0 16.0 
15.0 0.0 1.0 0.0 0.0 2.0 16.0 10.0 0.0 4.0 0.0 3.0 4.0 17.0 
15.0 0.0 2.0 1.0 1.0 0.0 17.0 11.0 1.0 0.0 0.0 3.0 4.0 17.0 
16.0 1.0 0.0 1.0 1.0 0.0 17.0 11.0 2.0 1.0 1.0 0.0 4.0 17.0 
17.0 0.0 0.0 1.0 1.0 0.0 17.0 11.0 2.0 1.0 1.0 0.0 4.0 17.0 
22.0 0.0 0.0 0.0 1.0 0.0 17.0 11.0 2.0 1.0 1.0 0.0 0.0 17.0 
23.0 0.0 0.0 0.0 0.0 0.0 18.0 12.0 0.0 1.0 1.0 0.0 0.0 17.0 
24.0 2.0 2.0 2.0 2.0 2.0 1.0 12.0 1.0 3.0 1.0 1.0 1.0 18.0 
25.0 0.0 2.0 2.0 2.0 2.0 2.0 14.0 1.0 0.0 1.0 1.0 1.0 19.0 
45.0 0.0 3.0 0.0 2.0 2.0 2.0 15.0 0.0 0.0 2.0 0.0 1.0 0.0 
45.0 0.0 4.0 1.0 0.0 2.0 0.0 18.0 0.0 1.0 0.0 0.0 1.0 0.0 
46.0 1.0 0.0 1.0 0.0 2.0 0.0 19.0 0.0 0.0 0.0 0.0 2.0 1.0 
47.0 0.0 0.0 1.0 0.0 2.0 0.0 20.0 0.0 0.0 0.0 1.0 0.0 1.0 
48.0 0.0 0.0 0.0 0.0 2.0 0.0 20.0 0.0 0.0 0.0 1.0 0.0 1.0 
49.0 0.0 0.0 0.0 1.0 0.0 0.0 21.0 0.0 0.0 0.0 0.0 0.0 1.0 
