1.0 7.0 7.0 7.0 7.0 7.0 0.0 0.0 6.0 6.0 6.0 6.0 6.0 6.0 
2.0 8.0 0.0 7.0 7.0 7.0 0.0 0.0 6.0 7.0 7.0 7.0 7.0 7.0 
3.0 9.0 1.0 9.0 9.0 0.0 1.0 1.0 7.0 8.0 0.0 8.0 8.0 8.0 
4.0 0.0 1.0 9.0 10.0 2.0 3.0 2.0 9.0 10.0 2.0 10.0 1.0 9.0 
14.0 0.0 0.0 9.0 10.0 2.0 3.0 2.0 10.0 11.0 0.0 10.0 1.0 0.0 
15.0 2.0 2.0 0.0 11.0 3.0 5.0 3.0 1.0 12.0 1.0 12.0 3.0 2.0 
16.0 3.0 3.0 1.0 0.0 3.0 6.0 3.0 2.0 14.0 3.0 14.0 1.0 3.0 
17.0 0.0 3.0 1.0 0.0 4.0 7.0 5.0 0.0 15.0 0.0 14.0 2.0 4.0 
17.0 1.0 4.0 3.0 0.0 5.0 8.0 7.0 2.0 2.0 0.0 15.0 3.0 5.0 
17.0 2.0 5.0 5.0 0.0 6.0 9.0 8.0 3.0 4.0 2.0 1.0 4.0 6.0 
18.0 0.0 5.0 5.0 0.0 7.0 10.0 9.0 0.0 4.0 2.0 1.0 4.0 7.0 
19.0 1.0 0.0 5.0 0.0 7.0 10.0 9.0 0.0 4.0 3.0 1.0 5.0 8.0 
20.0 2.0 1.0 0.0 0.0 8.0 11.0 10.0 1.0 0.0 3.0 1.0 6.0 9.0 
21.0 0.0 1.0 0.0 0.0 8.0 11.0 11.0 0.0 0.0 4.0 0.0 6.0 10.0 
32.0 0.0 0.0 0.0 0.0 8.0 12.0 12.0 1.0 1.0 5.0 1.0 0.0 0.0 
33.0 1.0 1.0 1.0 1.0 0.0 12.0 12.0 2.0 0.0 5.0 2.0 1.0 1.0 
34.0 0.0 1.0 1.0 1.0 1.0 13.0 13.0 3.0 1.0 0.0 2.0 1.0 1.0 
36.0 0.0 0.0 1.0 1.0 1.0 13.0 13.0 3.0 1.0 0.0 2.0 1.0 0.0 
38.0 0.0 0.0 0.0 1.0 1.0 13.0 13.0 3.0 2.0 1.0 0.0 0.0 0.0 
38.0 0.0 0.0 0.0 2.0 0.0 13.0 13.0 3.0 3.0 0.0 0.0 0.0 0.0 
39.0 0.0 0.0 1.0 0.0 0.0 14.0 14.0 4.0 0.0 0.0 0.0 0.0 0.0 
