1.0 0.0 6.0 6.0 6.0 6.0 6.0 0.0 6.0 7.0 7.0 7.0 7.0 7.0 
2.0 1.0 7.0 8.0 0.0 7.0 7.0 1.0 7.0 8.0 0.0 8.0 8.0 8.0 
3.0 2.0 8.0 0.0 1.0 8.0 8.0 2.0 9.0 10.0 2.0 1.0 9.0 9.0 
3.0 2.0 9.0 2.0 0.0 9.0 9.0 3.0 10.0 11.0 3.0 2.0 0.0 9.0 
4.0 4.0 0.0 3.0 0.0 11.0 11.0 7.0 13.0 1.0 1.0 4.0 2.0 11.0 
4.0 5.0 1.0 5.0 0.0 12.0 0.0 21.0 0.0 2.0 2.0 5.0 3.0 12.0 
5.0 0.0 1.0 5.0 0.0 0.0 0.0 35.0 1.0 0.0 4.0 7.0 1.0 13.0 
6.0 1.0 2.0 0.0 0.0 0.0 1.0 37.0 1.0 1.0 0.0 7.0 2.0 14.0 
7.0 0.0 2.0 0.0 0.0 0.0 0.0 40.0 0.0 0.0 0.0 7.0 2.0 14.0 
8.0 1.0 0.0 0.0 0.0 0.0 0.0 40.0 0.0 0.0 0.0 7.0 2.0 14.0 
9.0 0.0 0.0 0.0 0.0 0.0 0.0 63.0 0.0 0.0 0.0 0.0 0.0 0.0 
