1.0 0.0 6.0 6.0 6.0 7.0 7.0 1.0 7.0 8.0 8.0 1.0 7.0 7.0 
2.0 2.0 8.0 0.0 7.0 8.0 8.0 2.0 0.0 8.0 9.0 2.0 8.0 8.0 
3.0 0.0 9.0 1.0 8.0 9.0 9.0 3.0 1.0 0.0 9.0 2.0 9.0 9.0 
3.0 0.0 10.0 0.0 8.0 0.0 9.0 14.0 0.0 0.0 10.0 0.0 9.0 9.0 
3.0 1.0 11.0 1.0 10.0 0.0 10.0 15.0 1.0 1.0 0.0 0.0 9.0 10.0 
4.0 0.0 11.0 1.0 10.0 0.0 10.0 15.0 2.0 0.0 0.0 0.0 9.0 10.0 
4.0 0.0 12.0 0.0 10.0 0.0 10.0 15.0 2.0 0.0 0.0 0.0 9.0 10.0 
5.0 1.0 13.0 1.0 0.0 0.0 11.0 16.0 1.0 1.0 1.0 1.0 10.0 11.0 
6.0 0.0 13.0 1.0 0.0 0.0 11.0 16.0 2.0 0.0 1.0 1.0 10.0 11.0 
19.0 1.0 0.0 2.0 1.0 1.0 12.0 16.0 3.0 1.0 2.0 2.0 0.0 12.0 
20.0 0.0 0.0 2.0 1.0 1.0 12.0 16.0 3.0 2.0 3.0 0.0 0.0 12.0 
33.0 0.0 1.0 0.0 1.0 1.0 12.0 16.0 3.0 2.0 3.0 0.0 0.0 0.0 
34.0 0.0 0.0 0.0 1.0 2.0 13.0 17.0 0.0 2.0 3.0 0.0 0.0 0.0 
35.0 0.0 0.0 0.0 0.0 2.0 14.0 20.0 1.0 0.0 0.0 0.0 0.0 0.0 
