1.0 7.0 7.0 0.0 7.0 7.0 7.0 1.0 7.0 7.0 0.0 7.0 7.0 7.0 
2.0 0.0 7.0 0.0 8.0 8.0 8.0 2.0 9.0 9.0 2.0 1.0 8.0 8.0 
3.0 2.0 0.0 1.0 9.0 9.0 9.0 3.0 1.0 10.0 3.0 2.0 10.0 10.0 
4.0 0.0 1.0 2.0 10.0 10.0 10.0 5.0 1.0 0.0 3.0 2.0 12.0 12.0 
5.0 2.0 3.0 0.0 11.0 11.0 11.0 7.0 1.0 1.0 4.0 3.0 0.0 13.0 
6.0 3.0 0.0 0.0 11.0 11.0 11.0 7.0 1.0 1.0 4.0 3.0 0.0 14.0 
7.0 4.0 1.0 1.0 0.0 11.0 12.0 7.0 3.0 3.0 6.0 1.0 1.0 15.0 
7.0 4.0 1.0 2.0 0.0 12.0 13.0 8.0 4.0 4.0 0.0 1.0 1.0 15.0 
14.0 5.0 2.0 3.0 2.0 0.0 15.0 9.0 1.0 0.0 1.0 2.0 2.0 16.0 
15.0 6.0 3.0 0.0 2.0 0.0 15.0 10.0 1.0 0.0 0.0 2.0 2.0 16.0 
16.0 7.0 0.0 0.0 2.0 0.0 15.0 10.0 1.0 0.0 0.0 2.0 2.0 17.0 
19.0 7.0 0.0 1.0 0.0 0.0 15.0 11.0 1.0 0.0 1.0 0.0 0.0 17.0 
20.0 7.0 0.0 0.0 0.0 0.0 15.0 12.0 1.0 0.0 0.0 0.0 0.0 17.0 
20.0 8.0 1.0 1.0 2.0 0.0 16.0 14.0 1.0 2.0 2.0 2.0 2.0 1.0 
20.0 8.0 2.0 0.0 2.0 0.0 16.0 15.0 0.0 3.0 3.0 0.0 2.0 1.0 
21.0 9.0 0.0 0.0 2.0 0.0 16.0 15.0 0.0 3.0 4.0 1.0 0.0 1.0 
27.0 0.0 0.0 0.0 2.0 0.0 17.0 15.0 1.0 0.0 5.0 2.0 1.0 2.0 
28.0 1.0 2.0 2.0 4.0 2.0 1.0 17.0 1.0 1.0 7.0 1.0 2.0 3.0 
29.0 2.0 3.0 4.0 0.0 3.0 2.0 18.0 2.0 2.0 0.0 1.0 2.0 4.0 
30.0 3.0 0.0 4.0 0.0 3.0 2.0 19.0 2.0 2.0 0.0 0.0 2.0 5.0 
34.0 3.0 0.0 5.0 1.0 0.0 2.0 19.0 3.0 3.0 1.0 1.0 0.0 0.0 
34.0 3.0 0.0 6.0 0.0 0.0 3.0 20.0 4.0 0.0 1.0 1.0 0.0 0.0 
35.0 4.0 1.0 0.0 0.0 0.0 3.0 21.0 4.0 0.0 0.0 2.0 1.0 1.0 
38.0 4.0 1.0 0.0 0.0 1.0 4.0 22.0 0.0 0.0 0.0 0.0 1.0 1.0 
39.0 0.0 1.0 0.0 0.0 1.0 4.0 23.0 0.0 0.0 0.0 1.0 1.0 2.0 
40.0 0.0 1.0 0.0 0.0 0.0 4.0 23.0 0.0 0.0 0.0 2.0 0.0 2.0 
43.0 0.0 0.0 0.0 0.0 0.0 4.0 24.0 0.0 0.0 1.0 0.0 0.0 0.0 
