1.0 7.0 7.0 0.0 7.0 7.0 7.0 2.0 8.0 8.0 1.0 8.0 8.0 1.0 
2.0 0.0 8.0 1.0 8.0 8.0 9.0 3.0 10.0 1.0 2.0 9.0 9.0 2.0 
3.0 1.0 0.0 2.0 9.0 9.0 10.0 4.0 12.0 3.0 4.0 11.0 1.0 3.0 
4.0 2.0 1.0 3.0 0.0 9.0 11.0 5.0 13.0 5.0 1.0 12.0 2.0 4.0 
5.0 0.0 2.0 4.0 1.0 10.0 0.0 19.0 0.0 6.0 2.0 13.0 4.0 6.0 
6.0 2.0 0.0 0.0 2.0 11.0 1.0 26.0 1.0 7.0 3.0 0.0 5.0 8.0 
6.0 2.0 2.0 0.0 3.0 12.0 2.0 28.0 1.0 0.0 3.0 0.0 5.0 8.0 
7.0 0.0 2.0 0.0 3.0 13.0 3.0 30.0 1.0 1.0 4.0 1.0 6.0 1.0 
11.0 1.0 3.0 1.0 4.0 0.0 4.0 31.0 1.0 0.0 6.0 1.0 7.0 2.0 
11.0 1.0 4.0 0.0 4.0 0.0 4.0 31.0 1.0 0.0 7.0 0.0 7.0 2.0 
12.0 2.0 0.0 0.0 4.0 1.0 5.0 32.0 2.0 1.0 8.0 1.0 1.0 3.0 
13.0 3.0 2.0 2.0 6.0 3.0 0.0 33.0 3.0 2.0 0.0 1.0 1.0 3.0 
14.0 0.0 2.0 2.0 6.0 3.0 0.0 33.0 3.0 2.0 0.0 1.0 2.0 4.0 
15.0 1.0 0.0 2.0 6.0 4.0 1.0 34.0 0.0 2.0 0.0 1.0 2.0 4.0 
16.0 2.0 1.0 3.0 0.0 4.0 1.0 34.0 0.0 2.0 0.0 1.0 3.0 5.0 
16.0 3.0 2.0 4.0 1.0 0.0 1.0 34.0 0.0 3.0 1.0 2.0 0.0 5.0 
17.0 4.0 0.0 4.0 1.0 0.0 2.0 35.0 1.0 0.0 1.0 2.0 0.0 5.0 
18.0 5.0 1.0 0.0 1.0 0.0 2.0 35.0 1.0 0.0 1.0 2.0 0.0 6.0 
19.0 0.0 1.0 0.0 1.0 0.0 2.0 37.0 0.0 0.0 3.0 1.0 1.0 7.0 
27.0 0.0 0.0 0.0 0.0 0.0 2.0 41.0 0.0 1.0 0.0 0.0 1.0 0.0 
28.0 0.0 0.0 0.0 0.0 1.0 0.0 42.0 0.0 1.0 0.0 0.0 0.0 0.0 
