1.0 7.0 7.0 0.0 6.0 6.0 6.0 0.0 6.0 6.0 6.0 7.0 7.0 7.0 
2.0 8.0 8.0 2.0 0.0 7.0 7.0 1.0 7.0 0.0 6.0 8.0 8.0 8.0 
3.0 10.0 10.0 0.0 1.0 8.0 8.0 2.0 0.0 0.0 6.0 8.0 8.0 8.0 
12.0 10.0 10.0 0.0 0.0 8.0 8.0 2.0 0.0 0.0 6.0 0.0 8.0 8.0 
13.0 11.0 11.0 1.0 2.0 0.0 9.0 3.0 1.0 1.0 1.0 1.0 9.0 9.0 
14.0 12.0 0.0 2.0 4.0 2.0 11.0 4.0 3.0 3.0 3.0 3.0 1.0 10.0 
14.0 12.0 0.0 3.0 5.0 0.0 12.0 5.0 4.0 0.0 3.0 3.0 1.0 10.0 
17.0 0.0 0.0 4.0 6.0 1.0 13.0 5.0 5.0 1.0 4.0 5.0 0.0 11.0 
18.0 1.0 1.0 0.0 6.0 1.0 14.0 6.0 6.0 2.0 0.0 5.0 0.0 12.0 
19.0 0.0 1.0 0.0 6.0 1.0 15.0 7.0 7.0 3.0 1.0 0.0 0.0 12.0 
32.0 0.0 0.0 0.0 6.0 1.0 15.0 7.0 7.0 3.0 1.0 0.0 0.0 0.0 
32.0 0.0 0.0 0.0 7.0 0.0 15.0 7.0 7.0 4.0 0.0 0.0 0.0 0.0 
32.0 2.0 0.0 1.0 8.0 1.0 16.0 8.0 0.0 4.0 0.0 0.0 0.0 0.0 
33.0 3.0 1.0 2.0 0.0 2.0 17.0 9.0 1.0 0.0 1.0 1.0 1.0 1.0 
33.0 4.0 0.0 2.0 0.0 2.0 17.0 10.0 0.0 0.0 1.0 2.0 0.0 1.0 
34.0 0.0 0.0 2.0 0.0 0.0 17.0 13.0 0.0 0.0 0.0 3.0 1.0 2.0 
37.0 0.0 1.0 0.0 0.0 0.0 0.0 31.0 0.0 1.0 1.0 0.0 1.0 0.0 
38.0 0.0 0.0 0.0 0.0 0.0 0.0 34.0 0.0 0.0 0.0 0.0 0.0 0.0 
