1.0 7.0 7.0 0.0 7.0 7.0 7.0 1.0 7.0 7.0 0.0 7.0 7.0 7.0 
2.0 0.0 7.0 0.0 8.0 8.0 8.0 2.0 9.0 9.0 2.0 1.0 8.0 8.0 
3.0 2.0 0.0 1.0 9.0 9.0 9.0 3.0 1.0 10.0 3.0 2.0 10.0 10.0 
4.0 0.0 1.0 2.0 10.0 10.0 10.0 4.0 2.0 0.0 3.0 2.0 12.0 12.0 
17.0 0.0 0.0 2.0 10.0 0.0 10.0 15.0 2.0 0.0 4.0 0.0 12.0 0.0 
18.0 0.0 1.0 0.0 10.0 0.0 11.0 16.0 0.0 0.0 4.0 0.0 12.0 0.0 
19.0 1.0 2.0 1.0 0.0 0.0 12.0 17.0 2.0 2.0 1.0 1.0 13.0 1.0 
19.0 1.0 3.0 0.0 0.0 0.0 13.0 18.0 0.0 2.0 1.0 1.0 13.0 1.0 
20.0 0.0 3.0 0.0 0.0 0.0 13.0 18.0 0.0 2.0 2.0 0.0 13.0 1.0 
21.0 1.0 0.0 0.0 0.0 0.0 13.0 18.0 0.0 2.0 2.0 0.0 13.0 2.0 
22.0 0.0 0.0 0.0 0.0 0.0 13.0 19.0 2.0 1.0 0.0 0.0 13.0 2.0 
27.0 1.0 1.0 1.0 1.0 1.0 0.0 19.0 0.0 2.0 1.0 1.0 14.0 3.0 
27.0 2.0 3.0 3.0 0.0 2.0 1.0 20.0 1.0 3.0 2.0 3.0 1.0 4.0 
28.0 0.0 3.0 3.0 0.0 2.0 1.0 20.0 1.0 3.0 2.0 4.0 0.0 5.0 
29.0 1.0 4.0 0.0 0.0 2.0 2.0 21.0 2.0 0.0 2.0 4.0 0.0 5.0 
30.0 0.0 4.0 0.0 0.0 2.0 2.0 21.0 2.0 0.0 2.0 4.0 0.0 5.0 
33.0 0.0 4.0 0.0 0.0 3.0 0.0 21.0 2.0 0.0 0.0 4.0 0.0 5.0 
33.0 0.0 4.0 0.0 0.0 4.0 0.0 22.0 0.0 0.0 0.0 4.0 0.0 5.0 
39.0 0.0 5.0 1.0 1.0 0.0 0.0 23.0 1.0 2.0 0.0 0.0 0.0 0.0 
