1.0 8.0 0.0 7.0 7.0 7.0 7.0 2.0 0.0 8.0 8.0 8.0 8.0 1.0 
2.0 9.0 1.0 9.0 0.0 8.0 8.0 3.0 1.0 9.0 10.0 1.0 9.0 2.0 
3.0 11.0 3.0 0.0 1.0 9.0 10.0 5.0 2.0 11.0 1.0 2.0 10.0 4.0 
6.0 11.0 3.0 0.0 0.0 9.0 10.0 5.0 2.0 12.0 0.0 0.0 10.0 4.0 
7.0 13.0 0.0 1.0 0.0 10.0 11.0 8.0 3.0 0.0 0.0 1.0 12.0 6.0 
20.0 13.0 0.0 0.0 0.0 10.0 11.0 9.0 3.0 0.0 0.0 0.0 0.0 6.0 
21.0 14.0 1.0 1.0 1.0 0.0 12.0 10.0 1.0 1.0 1.0 1.0 1.0 7.0 
23.0 1.0 2.0 2.0 2.0 1.0 13.0 10.0 3.0 1.0 2.0 2.0 2.0 8.0 
24.0 0.0 2.0 2.0 2.0 1.0 13.0 10.0 3.0 1.0 2.0 2.0 2.0 8.0 
33.0 0.0 3.0 0.0 2.0 1.0 13.0 10.0 3.0 1.0 2.0 2.0 2.0 0.0 
33.0 0.0 3.0 0.0 3.0 0.0 13.0 10.0 3.0 2.0 3.0 0.0 2.0 0.0 
34.0 1.0 0.0 0.0 3.0 1.0 14.0 11.0 0.0 2.0 3.0 0.0 2.0 1.0 
35.0 1.0 0.0 0.0 0.0 0.0 14.0 17.0 0.0 3.0 0.0 1.0 0.0 1.0 
36.0 0.0 0.0 0.0 0.0 0.0 14.0 18.0 0.0 3.0 0.0 0.0 0.0 1.0 
37.0 1.0 1.0 1.0 1.0 2.0 1.0 18.0 1.0 4.0 1.0 1.0 1.0 2.0 
37.0 1.0 1.0 2.0 0.0 3.0 2.0 19.0 2.0 0.0 1.0 1.0 1.0 2.0 
37.0 2.0 2.0 0.0 0.0 0.0 2.0 23.0 2.0 0.0 0.0 1.0 1.0 2.0 
38.0 3.0 0.0 0.0 0.0 0.0 2.0 23.0 2.0 0.0 0.0 2.0 0.0 2.0 
39.0 3.0 0.0 0.0 0.0 1.0 0.0 23.0 2.0 0.0 0.0 2.0 0.0 2.0 
40.0 0.0 0.0 0.0 0.0 1.0 1.0 24.0 0.0 0.0 0.0 2.0 1.0 3.0 
41.0 0.0 0.0 0.0 0.0 0.0 0.0 31.0 0.0 0.0 0.0 0.0 0.0 0.0 
