1.0 7.0 7.0 0.0 7.0 7.0 7.0 1.0 7.0 7.0 0.0 7.0 7.0 7.0 
2.0 8.0 0.0 0.0 7.0 8.0 8.0 2.0 8.0 9.0 2.0 9.0 1.0 8.0 
3.0 10.0 2.0 2.0 0.0 9.0 9.0 3.0 9.0 0.0 3.0 10.0 2.0 10.0 
4.0 11.0 0.0 2.0 0.0 9.0 9.0 5.0 10.0 1.0 0.0 11.0 0.0 10.0 
5.0 0.0 0.0 3.0 1.0 10.0 10.0 5.0 11.0 2.0 1.0 12.0 1.0 11.0 
6.0 1.0 1.0 0.0 1.0 0.0 10.0 17.0 12.0 0.0 0.0 12.0 1.0 11.0 
6.0 2.0 0.0 0.0 1.0 0.0 10.0 17.0 12.0 0.0 0.0 12.0 1.0 11.0 
7.0 0.0 0.0 0.0 1.0 0.0 10.0 17.0 12.0 0.0 0.0 13.0 0.0 12.0 
7.0 1.0 2.0 0.0 2.0 0.0 11.0 20.0 0.0 0.0 1.0 14.0 1.0 13.0 
7.0 1.0 3.0 1.0 0.0 0.0 11.0 21.0 0.0 0.0 0.0 14.0 1.0 13.0 
7.0 2.0 4.0 2.0 2.0 0.0 12.0 22.0 1.0 1.0 2.0 1.0 2.0 14.0 
8.0 0.0 4.0 2.0 2.0 0.0 0.0 36.0 0.0 0.0 2.0 1.0 2.0 15.0 
24.0 0.0 5.0 0.0 2.0 0.0 0.0 37.0 0.0 1.0 0.0 1.0 2.0 0.0 
25.0 1.0 0.0 0.0 0.0 0.0 0.0 40.0 0.0 1.0 0.0 1.0 3.0 1.0 
26.0 0.0 0.0 0.0 0.0 0.0 0.0 46.0 0.0 0.0 0.0 0.0 0.0 0.0 
