1.0 0.0 6.0 6.0 7.0 7.0 7.0 1.0 7.0 8.0 1.0 7.0 7.0 7.0 
2.0 0.0 7.0 7.0 8.0 8.0 8.0 2.0 0.0 8.0 1.0 7.0 7.0 7.0 
3.0 1.0 0.0 7.0 8.0 8.0 8.0 2.0 0.0 9.0 2.0 8.0 8.0 8.0 
4.0 2.0 1.0 9.0 10.0 0.0 9.0 3.0 1.0 10.0 4.0 1.0 9.0 9.0 
4.0 3.0 0.0 10.0 11.0 1.0 10.0 4.0 2.0 11.0 5.0 2.0 0.0 9.0 
5.0 4.0 1.0 0.0 11.0 1.0 11.0 4.0 3.0 13.0 7.0 1.0 1.0 10.0 
8.0 6.0 3.0 2.0 0.0 0.0 13.0 8.0 5.0 0.0 9.0 3.0 3.0 12.0 
9.0 7.0 0.0 3.0 1.0 1.0 14.0 9.0 0.0 0.0 9.0 3.0 3.0 13.0 
10.0 8.0 1.0 0.0 1.0 0.0 14.0 11.0 0.0 0.0 10.0 4.0 0.0 13.0 
11.0 0.0 1.0 0.0 1.0 0.0 15.0 11.0 1.0 1.0 11.0 5.0 1.0 14.0 
12.0 1.0 2.0 1.0 3.0 2.0 1.0 11.0 3.0 1.0 12.0 6.0 2.0 15.0 
13.0 0.0 2.0 1.0 3.0 3.0 2.0 12.0 4.0 2.0 13.0 0.0 2.0 15.0 
29.0 0.0 3.0 2.0 0.0 3.0 2.0 12.0 4.0 2.0 13.0 0.0 2.0 0.0 
30.0 1.0 0.0 2.0 1.0 4.0 3.0 13.0 0.0 2.0 13.0 0.0 2.0 1.0 
30.0 3.0 0.0 3.0 0.0 5.0 4.0 17.0 1.0 3.0 0.0 1.0 3.0 2.0 
31.0 0.0 0.0 3.0 0.0 5.0 4.0 17.0 1.0 4.0 1.0 2.0 1.0 3.0 
34.0 0.0 0.0 4.0 1.0 6.0 0.0 18.0 0.0 4.0 2.0 3.0 0.0 0.0 
35.0 1.0 1.0 5.0 2.0 0.0 1.0 19.0 1.0 0.0 2.0 3.0 1.0 1.0 
36.0 2.0 2.0 0.0 2.0 0.0 1.0 19.0 2.0 1.0 3.0 0.0 2.0 2.0 
37.0 0.0 2.0 0.0 0.0 0.0 1.0 23.0 3.0 2.0 0.0 1.0 0.0 3.0 
38.0 1.0 0.0 0.0 0.0 0.0 1.0 24.0 3.0 2.0 0.0 0.0 0.0 3.0 
39.0 0.0 0.0 0.0 0.0 0.0 1.0 24.0 3.0 2.0 0.0 0.0 0.0 3.0 
42.0 0.0 0.0 0.0 0.0 0.0 0.0 30.0 0.0 0.0 0.0 0.0 0.0 0.0 
