1.0 7.0 7.0 7.0 7.0 7.0 0.0 0.0 6.0 6.0 6.0 6.0 6.0 6.0 
2.0 8.0 8.0 8.0 0.0 7.0 0.0 0.0 6.0 6.0 6.0 7.0 7.0 7.0 
3.0 9.0 9.0 10.0 2.0 0.0 1.0 1.0 7.0 0.0 6.0 8.0 8.0 8.0 
3.0 10.0 10.0 11.0 0.0 1.0 2.0 2.0 8.0 1.0 7.0 9.0 0.0 8.0 
4.0 0.0 11.0 12.0 2.0 3.0 4.0 3.0 10.0 3.0 9.0 1.0 1.0 9.0 
4.0 0.0 12.0 13.0 3.0 0.0 5.0 4.0 11.0 0.0 9.0 1.0 1.0 9.0 
5.0 2.0 14.0 15.0 0.0 1.0 6.0 5.0 12.0 1.0 0.0 1.0 1.0 9.0 
6.0 4.0 1.0 16.0 1.0 2.0 7.0 5.0 13.0 2.0 1.0 2.0 2.0 10.0 
6.0 5.0 0.0 16.0 1.0 2.0 7.0 5.0 13.0 2.0 2.0 3.0 0.0 10.0 
7.0 0.0 0.0 16.0 1.0 2.0 7.0 5.0 14.0 3.0 4.0 1.0 1.0 11.0 
7.0 0.0 0.0 17.0 2.0 0.0 7.0 5.0 14.0 3.0 5.0 0.0 1.0 11.0 
8.0 0.0 0.0 1.0 0.0 0.0 7.0 23.0 14.0 3.0 5.0 0.0 0.0 11.0 
9.0 0.0 0.0 0.0 0.0 0.0 8.0 24.0 15.0 0.0 5.0 0.0 0.0 11.0 
9.0 2.0 0.0 1.0 1.0 1.0 10.0 26.0 1.0 1.0 6.0 1.0 1.0 12.0 
10.0 0.0 0.0 1.0 1.0 1.0 10.0 26.0 1.0 1.0 7.0 0.0 1.0 13.0 
11.0 0.0 0.0 0.0 0.0 1.0 10.0 29.0 0.0 1.0 7.0 0.0 0.0 13.0 
19.0 0.0 0.0 0.0 0.0 0.0 0.0 53.0 0.0 0.0 0.0 0.0 0.0 0.0 
