1.0 7.0 7.0 0.0 6.0 6.0 7.0 1.0 7.0 7.0 7.0 8.0 1.0 7.0 
2.0 0.0 8.0 1.0 7.0 7.0 8.0 2.0 9.0 1.0 8.0 9.0 2.0 8.0 
2.0 2.0 10.0 0.0 8.0 8.0 9.0 3.0 0.0 1.0 8.0 9.0 3.0 9.0 
3.0 3.0 0.0 1.0 10.0 10.0 11.0 4.0 2.0 3.0 10.0 1.0 4.0 10.0 
3.0 5.0 0.0 2.0 11.0 11.0 12.0 5.0 3.0 4.0 0.0 1.0 4.0 11.0 
4.0 6.0 1.0 3.0 1.0 0.0 12.0 17.0 4.0 5.0 1.0 1.0 5.0 12.0 
5.0 0.0 1.0 3.0 2.0 1.0 13.0 18.0 5.0 1.0 2.0 2.0 6.0 13.0 
19.0 0.0 0.0 3.0 2.0 1.0 13.0 18.0 5.0 2.0 3.0 0.0 6.0 0.0 
20.0 1.0 1.0 0.0 3.0 2.0 14.0 19.0 0.0 2.0 3.0 0.0 6.0 1.0 
20.0 2.0 0.0 0.0 3.0 2.0 15.0 22.0 1.0 0.0 0.0 0.0 6.0 1.0 
22.0 2.0 0.0 0.0 4.0 0.0 16.0 24.0 1.0 1.0 1.0 0.0 0.0 1.0 
23.0 0.0 0.0 0.0 4.0 0.0 16.0 24.0 2.0 0.0 1.0 0.0 0.0 2.0 
24.0 1.0 1.0 1.0 0.0 0.0 16.0 25.0 2.0 0.0 0.0 0.0 0.0 2.0 
25.0 0.0 1.0 1.0 0.0 0.0 16.0 25.0 2.0 0.0 0.0 0.0 0.0 2.0 
28.0 0.0 0.0 1.0 0.0 0.0 16.0 25.0 2.0 0.0 0.0 0.0 0.0 0.0 
