1.0 0.0 6.0 7.0 7.0 7.0 7.0 1.0 7.0 1.0 7.0 7.0 7.0 7.0 
2.0 1.0 7.0 9.0 0.0 8.0 8.0 2.0 8.0 2.0 1.0 8.0 8.0 8.0 
3.0 3.0 9.0 0.0 1.0 9.0 10.0 3.0 1.0 3.0 2.0 9.0 9.0 10.0 
13.0 3.0 9.0 0.0 0.0 9.0 11.0 4.0 2.0 0.0 2.0 0.0 9.0 10.0 
14.0 4.0 0.0 0.0 0.0 9.0 13.0 5.0 1.0 1.0 3.0 1.0 10.0 11.0 
15.0 5.0 1.0 1.0 1.0 0.0 13.0 5.0 2.0 0.0 4.0 2.0 11.0 12.0 
16.0 0.0 2.0 2.0 2.0 1.0 14.0 6.0 3.0 2.0 6.0 4.0 1.0 13.0 
17.0 1.0 0.0 2.0 2.0 1.0 14.0 6.0 3.0 2.0 6.0 5.0 0.0 13.0 
18.0 0.0 0.0 2.0 2.0 1.0 14.0 6.0 3.0 2.0 6.0 5.0 0.0 13.0 
32.0 0.0 1.0 0.0 2.0 1.0 14.0 6.0 3.0 2.0 6.0 5.0 0.0 0.0 
33.0 0.0 0.0 0.0 3.0 2.0 15.0 8.0 0.0 0.0 6.0 5.0 0.0 0.0 
34.0 0.0 0.0 1.0 5.0 0.0 16.0 9.0 1.0 1.0 0.0 5.0 0.0 0.0 
35.0 0.0 0.0 0.0 5.0 0.0 0.0 27.0 0.0 0.0 0.0 5.0 0.0 0.0 
36.0 1.0 1.0 1.0 0.0 0.0 1.0 28.0 1.0 1.0 1.0 0.0 0.0 1.0 
37.0 0.0 1.0 1.0 0.0 0.0 0.0 31.0 0.0 0.0 1.0 0.0 0.0 1.0 
39.0 0.0 0.0 1.0 0.0 0.0 0.0 31.0 0.0 0.0 1.0 0.0 0.0 0.0 
