1.0 7.0 7.0 0.0 7.0 7.0 7.0 2.0 8.0 8.0 8.0 1.0 8.0 1.0 
2.0 0.0 8.0 1.0 8.0 8.0 9.0 3.0 1.0 9.0 9.0 2.0 9.0 3.0 
3.0 1.0 9.0 3.0 10.0 0.0 10.0 4.0 2.0 10.0 11.0 4.0 1.0 4.0 
4.0 2.0 10.0 4.0 0.0 0.0 11.0 5.0 1.0 11.0 12.0 5.0 2.0 5.0 
5.0 3.0 11.0 0.0 0.0 0.0 11.0 6.0 0.0 11.0 13.0 6.0 0.0 6.0 
6.0 0.0 12.0 1.0 1.0 1.0 12.0 7.0 1.0 0.0 13.0 8.0 2.0 8.0 
6.0 2.0 14.0 0.0 0.0 2.0 13.0 11.0 2.0 1.0 0.0 9.0 3.0 9.0 
7.0 4.0 1.0 1.0 1.0 3.0 14.0 11.0 3.0 3.0 2.0 11.0 1.0 10.0 
7.0 4.0 2.0 2.0 2.0 0.0 15.0 12.0 4.0 0.0 2.0 11.0 1.0 10.0 
8.0 6.0 0.0 3.0 3.0 1.0 16.0 13.0 5.0 1.0 3.0 0.0 1.0 12.0 
8.0 6.0 0.0 0.0 4.0 0.0 16.0 18.0 6.0 2.0 0.0 0.0 0.0 12.0 
9.0 7.0 2.0 2.0 0.0 1.0 17.0 19.0 0.0 2.0 0.0 0.0 0.0 13.0 
9.0 0.0 3.0 4.0 2.0 0.0 18.0 29.0 1.0 3.0 1.0 1.0 1.0 0.0 
10.0 1.0 4.0 0.0 2.0 0.0 18.0 29.0 1.0 4.0 0.0 1.0 1.0 1.0 
11.0 0.0 4.0 0.0 2.0 1.0 19.0 31.0 1.0 0.0 0.0 1.0 1.0 1.0 
12.0 1.0 0.0 0.0 2.0 1.0 19.0 31.0 1.0 0.0 0.0 1.0 2.0 2.0 
13.0 0.0 0.0 0.0 0.0 1.0 19.0 35.0 0.0 0.0 0.0 0.0 2.0 2.0 
15.0 2.0 2.0 2.0 2.0 3.0 1.0 35.0 1.0 1.0 1.0 1.0 3.0 3.0 
16.0 0.0 2.0 2.0 2.0 3.0 1.0 35.0 1.0 1.0 1.0 1.0 3.0 4.0 
21.0 0.0 3.0 0.0 2.0 3.0 1.0 35.0 2.0 0.0 1.0 1.0 3.0 0.0 
21.0 0.0 4.0 1.0 0.0 0.0 1.0 39.0 2.0 0.0 0.0 1.0 3.0 0.0 
21.0 0.0 5.0 0.0 0.0 0.0 1.0 40.0 2.0 0.0 0.0 0.0 3.0 0.0 
22.0 1.0 0.0 0.0 0.0 0.0 1.0 41.0 2.0 0.0 1.0 2.0 1.0 1.0 
23.0 0.0 0.0 0.0 0.0 0.0 1.0 41.0 2.0 0.0 1.0 3.0 0.0 1.0 
24.0 0.0 0.0 0.0 0.0 0.0 0.0 48.0 0.0 0.0 0.0 0.0 0.0 0.0 
