1.0 7.0 7.0 7.0 7.0 7.0 0.0 0.0 6.0 6.0 6.0 6.0 6.0 6.0 
2.0 0.0 7.0 7.0 7.0 7.0 0.0 0.0 7.0 7.0 7.0 7.0 7.0 7.0 
3.0 1.0 9.0 9.0 9.0 0.0 1.0 1.0 8.0 0.0 7.0 8.0 8.0 8.0 
4.0 2.0 10.0 0.0 10.0 1.0 2.0 2.0 10.0 2.0 9.0 10.0 1.0 9.0 
5.0 4.0 12.0 2.0 0.0 2.0 4.0 3.0 1.0 3.0 10.0 12.0 3.0 11.0 
6.0 0.0 13.0 3.0 1.0 3.0 5.0 4.0 2.0 4.0 12.0 1.0 5.0 13.0 
14.0 1.0 0.0 4.0 2.0 4.0 6.0 4.0 3.0 5.0 14.0 1.0 0.0 14.0 
14.0 3.0 2.0 6.0 0.0 5.0 7.0 5.0 4.0 7.0 1.0 2.0 1.0 15.0 
15.0 4.0 3.0 0.0 0.0 5.0 7.0 5.0 4.0 8.0 2.0 1.0 2.0 16.0 
16.0 6.0 0.0 1.0 1.0 6.0 8.0 6.0 5.0 0.0 2.0 1.0 3.0 17.0 
17.0 7.0 1.0 2.0 2.0 0.0 8.0 6.0 6.0 1.0 0.0 1.0 3.0 18.0 
17.0 7.0 2.0 3.0 4.0 0.0 9.0 7.0 0.0 1.0 0.0 1.0 3.0 18.0 
18.0 0.0 2.0 3.0 0.0 0.0 9.0 12.0 1.0 2.0 1.0 1.0 4.0 19.0 
19.0 1.0 0.0 3.0 0.0 0.0 9.0 12.0 1.0 2.0 2.0 0.0 4.0 19.0 
20.0 0.0 0.0 3.0 0.0 0.0 9.0 12.0 1.0 2.0 2.0 0.0 4.0 19.0 
21.0 1.0 1.0 0.0 0.0 0.0 9.0 12.0 1.0 2.0 2.0 0.0 4.0 19.0 
22.0 0.0 1.0 0.0 0.0 0.0 9.0 12.0 1.0 2.0 2.0 0.0 4.0 19.0 
42.0 0.0 0.0 0.0 0.0 0.0 9.0 12.0 1.0 2.0 2.0 0.0 4.0 0.0 
43.0 1.0 1.0 1.0 1.0 1.0 0.0 13.0 3.0 1.0 0.0 1.0 5.0 1.0 
43.0 1.0 2.0 0.0 1.0 2.0 1.0 14.0 0.0 1.0 0.0 1.0 5.0 1.0 
44.0 0.0 2.0 0.0 0.0 2.0 1.0 16.0 0.0 1.0 0.0 0.0 5.0 1.0 
45.0 1.0 0.0 0.0 0.0 2.0 1.0 16.0 0.0 1.0 0.0 0.0 5.0 1.0 
46.0 0.0 0.0 0.0 0.0 2.0 1.0 16.0 0.0 1.0 0.0 0.0 5.0 1.0 
46.0 0.0 0.0 0.0 0.0 3.0 0.0 16.0 0.0 1.0 0.0 0.0 5.0 1.0 
52.0 0.0 0.0 1.0 1.0 0.0 0.0 17.0 0.0 0.0 0.0 0.0 0.0 1.0 
