1.0 7.0 7.0 0.0 6.0 6.0 6.0 0.0 6.0 6.0 6.0 7.0 7.0 7.0 
2.0 8.0 8.0 2.0 8.0 0.0 7.0 1.0 7.0 0.0 6.0 7.0 8.0 8.0 
2.0 8.0 8.0 2.0 10.0 0.0 8.0 2.0 8.0 1.0 7.0 0.0 8.0 8.0 
2.0 9.0 9.0 0.0 10.0 0.0 8.0 2.0 9.0 0.0 7.0 0.0 8.0 8.0 
2.0 10.0 10.0 1.0 12.0 0.0 9.0 3.0 0.0 0.0 7.0 0.0 9.0 9.0 
3.0 11.0 0.0 2.0 13.0 2.0 11.0 4.0 2.0 2.0 1.0 1.0 10.0 10.0 
4.0 0.0 0.0 3.0 14.0 3.0 12.0 4.0 3.0 4.0 1.0 2.0 11.0 11.0 
5.0 1.0 1.0 5.0 1.0 5.0 14.0 5.0 5.0 1.0 2.0 3.0 12.0 12.0 
5.0 1.0 1.0 6.0 0.0 5.0 14.0 5.0 6.0 2.0 0.0 3.0 12.0 12.0 
6.0 0.0 1.0 6.0 0.0 5.0 14.0 5.0 7.0 3.0 1.0 0.0 12.0 12.0 
7.0 1.0 2.0 0.0 0.0 5.0 14.0 5.0 7.0 3.0 1.0 1.0 13.0 13.0 
7.0 2.0 0.0 2.0 0.0 6.0 15.0 10.0 8.0 4.0 2.0 2.0 0.0 14.0 
7.0 4.0 0.0 3.0 1.0 7.0 16.0 11.0 0.0 4.0 2.0 2.0 0.0 15.0 
8.0 5.0 1.0 4.0 2.0 0.0 17.0 12.0 1.0 0.0 2.0 3.0 1.0 16.0 
8.0 6.0 0.0 4.0 2.0 0.0 0.0 31.0 0.0 1.0 3.0 0.0 1.0 16.0 
10.0 6.0 0.0 5.0 0.0 0.0 0.0 32.0 0.0 0.0 3.0 0.0 0.0 16.0 
11.0 7.0 1.0 0.0 0.0 0.0 0.0 33.0 2.0 0.0 0.0 0.0 1.0 17.0 
11.0 8.0 0.0 0.0 0.0 0.0 1.0 34.0 0.0 0.0 0.0 0.0 1.0 17.0 
12.0 8.0 0.0 0.0 0.0 0.0 0.0 35.0 0.0 0.0 0.0 0.0 0.0 17.0 
12.0 9.0 2.0 0.0 1.0 1.0 1.0 36.0 1.0 2.0 2.0 2.0 2.0 1.0 
15.0 9.0 2.0 0.0 0.0 1.0 1.0 36.0 2.0 3.0 0.0 0.0 2.0 1.0 
16.0 9.0 2.0 0.0 0.0 0.0 1.0 37.0 2.0 3.0 0.0 1.0 0.0 1.0 
19.0 0.0 2.0 0.0 0.0 0.0 3.0 38.0 4.0 0.0 1.0 2.0 1.0 2.0 
22.0 0.0 2.0 0.0 1.0 1.0 0.0 39.0 4.0 0.0 0.0 0.0 1.0 2.0 
23.0 1.0 0.0 0.0 1.0 1.0 0.0 40.0 4.0 0.0 0.0 0.0 0.0 2.0 
24.0 1.0 0.0 0.0 0.0 1.0 0.0 40.0 4.0 0.0 0.0 0.0 0.0 2.0 
25.0 0.0 0.0 0.0 0.0 1.0 0.0 41.0 4.0 0.0 0.0 0.0 1.0 0.0 
26.0 0.0 0.0 0.0 0.0 0.0 0.0 46.0 0.0 0.0 0.0 0.0 0.0 0.0 
