1.0 7.0 7.0 0.0 6.0 6.0 6.0 0.0 6.0 6.0 6.0 7.0 7.0 7.0 
1.0 7.0 9.0 0.0 7.0 7.0 7.0 1.0 0.0 6.0 6.0 7.0 7.0 7.0 
2.0 8.0 10.0 1.0 0.0 8.0 8.0 2.0 1.0 7.0 1.0 8.0 8.0 8.0 
2.0 9.0 12.0 0.0 1.0 9.0 9.0 3.0 2.0 0.0 1.0 8.0 8.0 8.0 
5.0 0.0 12.0 0.0 1.0 0.0 10.0 13.0 3.0 0.0 1.0 9.0 9.0 9.0 
5.0 0.0 14.0 0.0 2.0 1.0 11.0 14.0 4.0 1.0 2.0 0.0 9.0 9.0 
5.0 0.0 14.0 2.0 4.0 0.0 12.0 15.0 5.0 2.0 3.0 1.0 0.0 9.0 
5.0 0.0 15.0 3.0 6.0 0.0 13.0 17.0 0.0 3.0 0.0 1.0 0.0 9.0 
6.0 1.0 16.0 0.0 6.0 0.0 14.0 18.0 1.0 0.0 0.0 1.0 0.0 9.0 
7.0 2.0 17.0 1.0 0.0 0.0 14.0 18.0 1.0 0.0 0.0 1.0 1.0 10.0 
7.0 2.0 18.0 0.0 0.0 0.0 14.0 19.0 1.0 0.0 0.0 0.0 1.0 10.0 
8.0 0.0 18.0 0.0 0.0 0.0 14.0 20.0 1.0 0.0 0.0 0.0 0.0 11.0 
8.0 0.0 19.0 1.0 2.0 0.0 15.0 22.0 1.0 1.0 1.0 1.0 1.0 0.0 
8.0 0.0 20.0 0.0 2.0 0.0 15.0 22.0 2.0 0.0 1.0 1.0 1.0 0.0 
10.0 2.0 1.0 1.0 3.0 1.0 16.0 23.0 3.0 2.0 2.0 3.0 3.0 2.0 
10.0 2.0 2.0 0.0 3.0 1.0 16.0 23.0 4.0 3.0 0.0 3.0 3.0 2.0 
11.0 3.0 3.0 1.0 0.0 2.0 17.0 24.0 0.0 3.0 0.0 3.0 3.0 2.0 
11.0 3.0 4.0 0.0 0.0 2.0 17.0 24.0 0.0 3.0 0.0 3.0 3.0 2.0 
12.0 0.0 4.0 0.0 0.0 2.0 18.0 25.0 1.0 0.0 0.0 3.0 4.0 3.0 
13.0 0.0 4.0 0.0 1.0 0.0 0.0 45.0 0.0 1.0 1.0 0.0 4.0 3.0 
14.0 1.0 0.0 0.0 1.0 0.0 0.0 46.0 0.0 2.0 2.0 1.0 1.0 4.0 
15.0 0.0 0.0 0.0 1.0 0.0 0.0 47.0 2.0 1.0 0.0 1.0 1.0 4.0 
17.0 0.0 0.0 0.0 0.0 0.0 0.0 55.0 0.0 0.0 0.0 0.0 0.0 0.0 
