1.0 7.0 7.0 7.0 7.0 0.0 6.0 0.0 6.0 6.0 6.0 6.0 6.0 7.0 
2.0 8.0 9.0 9.0 0.0 1.0 7.0 1.0 0.0 6.0 7.0 7.0 7.0 8.0 
2.0 8.0 9.0 10.0 2.0 0.0 8.0 2.0 1.0 7.0 8.0 0.0 7.0 8.0 
2.0 8.0 9.0 10.0 3.0 0.0 9.0 3.0 2.0 8.0 9.0 1.0 0.0 8.0 
3.0 9.0 0.0 10.0 3.0 0.0 11.0 4.0 1.0 9.0 10.0 2.0 1.0 9.0 
4.0 11.0 2.0 12.0 0.0 1.0 12.0 5.0 2.0 0.0 10.0 2.0 1.0 10.0 
17.0 12.0 3.0 0.0 0.0 2.0 13.0 5.0 3.0 1.0 0.0 3.0 2.0 11.0 
21.0 12.0 3.0 0.0 1.0 0.0 13.0 5.0 4.0 0.0 0.0 0.0 2.0 11.0 
22.0 13.0 0.0 0.0 2.0 1.0 14.0 6.0 0.0 0.0 0.0 0.0 2.0 12.0 
37.0 0.0 1.0 1.0 1.0 2.0 15.0 9.0 1.0 1.0 1.0 2.0 1.0 0.0 
37.0 0.0 1.0 2.0 2.0 0.0 15.0 9.0 1.0 2.0 2.0 0.0 1.0 0.0 
38.0 0.0 2.0 0.0 2.0 0.0 15.0 9.0 2.0 3.0 0.0 0.0 1.0 0.0 
39.0 1.0 0.0 0.0 2.0 0.0 16.0 10.0 3.0 0.0 0.0 0.0 1.0 0.0 
40.0 0.0 0.0 0.0 2.0 0.0 16.0 10.0 3.0 0.0 0.0 0.0 1.0 0.0 
42.0 0.0 0.0 1.0 0.0 0.0 16.0 10.0 3.0 0.0 0.0 0.0 0.0 0.0 
