1.0 7.0 0.0 6.0 6.0 6.0 7.0 1.0 7.0 7.0 8.0 8.0 1.0 7.0 
2.0 0.0 1.0 7.0 7.0 7.0 8.0 2.0 9.0 1.0 9.0 9.0 2.0 8.0 
11.0 0.0 0.0 7.0 7.0 7.0 8.0 2.0 9.0 1.0 10.0 10.0 0.0 0.0 
12.0 1.0 2.0 9.0 9.0 0.0 9.0 5.0 10.0 2.0 0.0 11.0 1.0 1.0 
13.0 3.0 4.0 11.0 0.0 1.0 10.0 6.0 12.0 4.0 2.0 1.0 2.0 3.0 
17.0 3.0 4.0 11.0 0.0 0.0 10.0 6.0 12.0 4.0 0.0 0.0 2.0 3.0 
18.0 4.0 0.0 11.0 0.0 1.0 11.0 7.0 13.0 0.0 0.0 0.0 3.0 4.0 
19.0 6.0 2.0 0.0 2.0 3.0 1.0 21.0 1.0 2.0 2.0 2.0 5.0 6.0 
19.0 6.0 3.0 1.0 3.0 0.0 2.0 23.0 0.0 0.0 2.0 2.0 5.0 6.0 
20.0 0.0 3.0 1.0 3.0 0.0 0.0 26.0 0.0 2.0 1.0 3.0 6.0 7.0 
21.0 1.0 0.0 1.0 3.0 0.0 1.0 27.0 1.0 3.0 2.0 4.0 0.0 8.0 
21.0 2.0 1.0 2.0 0.0 0.0 0.0 30.0 0.0 4.0 0.0 4.0 0.0 8.0 
22.0 2.0 1.0 2.0 0.0 0.0 1.0 31.0 1.0 0.0 0.0 4.0 0.0 8.0 
23.0 0.0 1.0 2.0 0.0 0.0 1.0 33.0 1.0 2.0 0.0 0.0 0.0 9.0 
24.0 0.0 0.0 2.0 1.0 1.0 2.0 35.0 1.0 3.0 1.0 1.0 1.0 0.0 
24.0 0.0 0.0 2.0 2.0 0.0 2.0 35.0 1.0 4.0 0.0 1.0 1.0 0.0 
24.0 0.0 0.0 2.0 3.0 1.0 0.0 36.0 0.0 4.0 0.0 2.0 0.0 0.0 
25.0 0.0 1.0 0.0 3.0 2.0 1.0 37.0 1.0 0.0 0.0 2.0 0.0 0.0 
26.0 0.0 1.0 0.0 3.0 0.0 0.0 41.0 0.0 0.0 1.0 0.0 0.0 0.0 
