1.0 7.0 0.0 7.0 7.0 7.0 7.0 1.0 0.0 7.0 7.0 7.0 7.0 7.0 
2.0 8.0 1.0 8.0 9.0 0.0 8.0 2.0 1.0 8.0 8.0 1.0 8.0 8.0 
2.0 9.0 0.0 8.0 10.0 1.0 9.0 3.0 2.0 9.0 9.0 2.0 0.0 8.0 
3.0 10.0 1.0 0.0 10.0 1.0 9.0 3.0 2.0 11.0 11.0 1.0 1.0 9.0 
4.0 0.0 2.0 2.0 12.0 3.0 11.0 4.0 4.0 1.0 12.0 3.0 3.0 11.0 
19.0 1.0 3.0 3.0 0.0 5.0 13.0 5.0 1.0 2.0 0.0 4.0 4.0 12.0 
20.0 0.0 3.0 3.0 0.0 5.0 14.0 7.0 0.0 0.0 0.0 4.0 4.0 12.0 
21.0 1.0 0.0 3.0 0.0 5.0 14.0 7.0 0.0 0.0 0.0 4.0 4.0 13.0 
22.0 0.0 0.0 3.0 0.0 5.0 14.0 8.0 1.0 2.0 0.0 0.0 4.0 13.0 
23.0 1.0 1.0 0.0 0.0 5.0 14.0 8.0 1.0 2.0 0.0 0.0 4.0 13.0 
24.0 0.0 1.0 0.0 0.0 5.0 14.0 8.0 1.0 2.0 0.0 0.0 4.0 13.0 
38.0 0.0 0.0 0.0 0.0 5.0 14.0 8.0 1.0 2.0 0.0 0.0 4.0 0.0 
39.0 1.0 1.0 1.0 2.0 7.0 1.0 10.0 1.0 1.0 1.0 1.0 5.0 1.0 
40.0 2.0 2.0 2.0 3.0 0.0 1.0 10.0 1.0 1.0 2.0 0.0 6.0 2.0 
41.0 0.0 2.0 2.0 3.0 0.0 1.0 10.0 2.0 0.0 2.0 0.0 6.0 3.0 
45.0 0.0 3.0 0.0 3.0 0.0 2.0 11.0 3.0 1.0 3.0 1.0 0.0 0.0 
46.0 1.0 0.0 0.0 3.0 1.0 3.0 12.0 0.0 1.0 3.0 1.0 0.0 1.0 
47.0 0.0 0.0 0.0 0.0 1.0 3.0 20.0 0.0 0.0 0.0 0.0 0.0 1.0 
48.0 0.0 0.0 0.0 0.0 0.0 3.0 20.0 0.0 0.0 0.0 0.0 0.0 1.0 
