1.0 7.0 7.0 7.0 7.0 7.0 0.0 0.0 6.0 6.0 6.0 6.0 6.0 6.0 
2.0 8.0 8.0 0.0 7.0 7.0 0.0 0.0 6.0 6.0 7.0 7.0 7.0 7.0 
3.0 9.0 0.0 1.0 8.0 8.0 2.0 1.0 1.0 7.0 8.0 8.0 8.0 8.0 
4.0 10.0 1.0 3.0 0.0 9.0 3.0 2.0 2.0 9.0 10.0 1.0 9.0 9.0 
5.0 11.0 2.0 0.0 0.0 9.0 4.0 3.0 0.0 9.0 10.0 1.0 9.0 9.0 
6.0 12.0 0.0 0.0 0.0 9.0 4.0 3.0 0.0 9.0 10.0 1.0 9.0 9.0 
7.0 13.0 1.0 1.0 1.0 0.0 4.0 3.0 0.0 9.0 11.0 2.0 10.0 10.0 
7.0 14.0 0.0 1.0 1.0 0.0 4.0 3.0 0.0 10.0 12.0 0.0 10.0 10.0 
7.0 15.0 2.0 1.0 0.0 1.0 5.0 7.0 1.0 11.0 0.0 0.0 11.0 11.0 
7.0 16.0 3.0 3.0 0.0 2.0 6.0 8.0 2.0 12.0 1.0 1.0 0.0 11.0 
9.0 1.0 5.0 5.0 2.0 4.0 8.0 9.0 4.0 1.0 3.0 4.0 3.0 14.0 
10.0 2.0 6.0 0.0 2.0 4.0 9.0 12.0 7.0 0.0 1.0 0.0 4.0 15.0 
11.0 0.0 6.0 0.0 2.0 4.0 9.0 12.0 8.0 1.0 2.0 1.0 0.0 16.0 
12.0 2.0 0.0 1.0 3.0 5.0 10.0 13.0 0.0 2.0 3.0 2.0 1.0 18.0 
13.0 0.0 0.0 1.0 3.0 5.0 10.0 13.0 0.0 3.0 4.0 0.0 1.0 19.0 
33.0 0.0 1.0 2.0 0.0 5.0 11.0 14.0 1.0 4.0 0.0 0.0 1.0 0.0 
34.0 0.0 2.0 0.0 0.0 6.0 12.0 15.0 2.0 0.0 0.0 0.0 1.0 0.0 
35.0 1.0 3.0 1.0 1.0 0.0 13.0 16.0 0.0 0.0 0.0 0.0 1.0 1.0 
36.0 2.0 0.0 0.0 1.0 0.0 13.0 18.0 0.0 0.0 0.0 0.0 0.0 2.0 
37.0 0.0 0.0 0.0 1.0 0.0 13.0 19.0 0.0 0.0 0.0 0.0 1.0 1.0 
38.0 0.0 0.0 0.0 0.0 0.0 13.0 20.0 0.0 0.0 0.0 0.0 0.0 1.0 
