1.0 8.0 8.0 8.0 0.0 7.0 7.0 2.0 0.0 7.0 7.0 8.0 8.0 1.0 
2.0 9.0 0.0 8.0 1.0 8.0 8.0 3.0 2.0 9.0 9.0 10.0 1.0 2.0 
2.0 10.0 2.0 10.0 0.0 9.0 9.0 4.0 3.0 10.0 0.0 10.0 1.0 2.0 
5.0 0.0 2.0 10.0 0.0 11.0 11.0 5.0 1.0 11.0 0.0 11.0 2.0 3.0 
5.0 1.0 3.0 12.0 0.0 12.0 12.0 7.0 1.0 12.0 1.0 0.0 2.0 4.0 
9.0 3.0 5.0 0.0 2.0 14.0 14.0 8.0 3.0 1.0 3.0 0.0 4.0 6.0 
10.0 4.0 6.0 1.0 4.0 1.0 15.0 9.0 5.0 3.0 6.0 1.0 6.0 1.0 
11.0 0.0 6.0 1.0 4.0 1.0 16.0 10.0 6.0 0.0 6.0 2.0 7.0 2.0 
12.0 1.0 8.0 3.0 0.0 2.0 17.0 11.0 0.0 0.0 6.0 2.0 7.0 3.0 
13.0 0.0 8.0 3.0 1.0 3.0 18.0 12.0 1.0 1.0 0.0 2.0 7.0 3.0 
14.0 1.0 0.0 3.0 1.0 3.0 18.0 12.0 2.0 2.0 1.0 3.0 8.0 4.0 
14.0 2.0 1.0 4.0 2.0 0.0 19.0 14.0 0.0 0.0 1.0 3.0 8.0 4.0 
15.0 3.0 2.0 0.0 2.0 0.0 0.0 34.0 0.0 1.0 2.0 0.0 8.0 5.0 
16.0 0.0 2.0 0.0 2.0 0.0 0.0 35.0 0.0 0.0 2.0 0.0 9.0 6.0 
17.0 1.0 0.0 1.0 3.0 1.0 1.0 36.0 1.0 1.0 3.0 1.0 0.0 6.0 
17.0 1.0 0.0 1.0 4.0 0.0 1.0 36.0 1.0 1.0 3.0 1.0 0.0 6.0 
18.0 1.0 0.0 0.0 4.0 0.0 0.0 39.0 0.0 0.0 3.0 1.0 0.0 6.0 
19.0 0.0 0.0 0.0 4.0 0.0 0.0 39.0 0.0 0.0 4.0 0.0 0.0 6.0 
20.0 1.0 1.0 1.0 0.0 0.0 0.0 39.0 0.0 0.0 4.0 0.0 0.0 6.0 
20.0 2.0 0.0 1.0 0.0 0.0 0.0 39.0 0.0 0.0 4.0 0.0 0.0 6.0 
21.0 0.0 0.0 1.0 0.0 0.0 1.0 40.0 1.0 1.0 0.0 0.0 0.0 7.0 
22.0 0.0 0.0 0.0 0.0 0.0 0.0 50.0 0.0 0.0 0.0 0.0 0.0 0.0 
