1.0 7.0 7.0 7.0 0.0 6.0 6.0 0.0 6.0 6.0 6.0 6.0 7.0 7.0 
2.0 8.0 0.0 7.0 0.0 7.0 7.0 1.0 7.0 8.0 8.0 8.0 1.0 8.0 
3.0 9.0 1.0 9.0 2.0 0.0 8.0 2.0 8.0 9.0 9.0 1.0 2.0 9.0 
4.0 0.0 2.0 10.0 4.0 2.0 10.0 3.0 1.0 10.0 10.0 2.0 3.0 11.0 
5.0 0.0 3.0 11.0 5.0 3.0 11.0 4.0 2.0 0.0 10.0 2.0 4.0 12.0 
6.0 1.0 4.0 0.0 5.0 4.0 12.0 4.0 3.0 1.0 11.0 3.0 5.0 13.0 
7.0 0.0 4.0 0.0 5.0 5.0 13.0 5.0 0.0 1.0 11.0 3.0 5.0 13.0 
8.0 1.0 5.0 1.0 0.0 5.0 13.0 5.0 0.0 1.0 11.0 3.0 5.0 14.0 
9.0 3.0 0.0 2.0 1.0 6.0 14.0 6.0 1.0 2.0 1.0 4.0 7.0 16.0 
10.0 4.0 1.0 3.0 2.0 0.0 14.0 7.0 0.0 3.0 0.0 4.0 7.0 17.0 
11.0 5.0 2.0 0.0 2.0 0.0 15.0 8.0 1.0 0.0 0.0 4.0 7.0 17.0 
11.0 5.0 3.0 1.0 0.0 0.0 15.0 8.0 1.0 0.0 0.0 4.0 7.0 17.0 
12.0 0.0 3.0 1.0 0.0 0.0 0.0 27.0 0.0 0.0 2.0 1.0 8.0 18.0 
12.0 0.0 3.0 2.0 0.0 1.0 1.0 28.0 1.0 1.0 3.0 2.0 0.0 18.0 
13.0 1.0 0.0 2.0 0.0 1.0 0.0 31.0 0.0 0.0 3.0 2.0 0.0 19.0 
14.0 3.0 2.0 0.0 1.0 3.0 2.0 34.0 3.0 3.0 0.0 4.0 2.0 1.0 
14.0 3.0 3.0 1.0 2.0 0.0 2.0 34.0 3.0 3.0 0.0 4.0 2.0 1.0 
14.0 3.0 4.0 2.0 0.0 1.0 3.0 35.0 0.0 3.0 0.0 4.0 2.0 1.0 
15.0 3.0 4.0 2.0 0.0 0.0 3.0 36.0 0.0 3.0 0.0 5.0 0.0 1.0 
16.0 4.0 0.0 2.0 0.0 0.0 4.0 37.0 1.0 4.0 1.0 0.0 1.0 2.0 
17.0 0.0 0.0 0.0 0.0 0.0 4.0 40.0 1.0 4.0 1.0 1.0 1.0 3.0 
19.0 0.0 0.0 0.0 0.0 0.0 5.0 41.0 2.0 0.0 0.0 1.0 1.0 3.0 
20.0 1.0 1.0 1.0 1.0 1.0 0.0 42.0 0.0 0.0 0.0 1.0 1.0 3.0 
20.0 1.0 2.0 0.0 1.0 1.0 0.0 42.0 0.0 0.0 0.0 1.0 1.0 3.0 
21.0 0.0 2.0 0.0 0.0 1.0 0.0 44.0 0.0 0.0 0.0 0.0 1.0 3.0 
22.0 0.0 2.0 0.0 0.0 0.0 0.0 44.0 0.0 0.0 0.0 0.0 1.0 3.0 
23.0 1.0 0.0 0.0 0.0 0.0 0.0 45.0 0.0 0.0 0.0 0.0 0.0 3.0 
24.0 0.0 0.0 0.0 0.0 0.0 0.0 48.0 0.0 0.0 0.0 0.0 0.0 0.0 
