1.0 7.0 7.0 8.0 0.0 7.0 7.0 1.0 7.0 0.0 6.0 7.0 7.0 7.0 
2.0 9.0 9.0 10.0 2.0 0.0 8.0 2.0 0.0 0.0 6.0 8.0 8.0 8.0 
2.0 10.0 10.0 11.0 0.0 1.0 9.0 3.0 1.0 1.0 7.0 9.0 0.0 8.0 
12.0 0.0 10.0 11.0 0.0 2.0 10.0 3.0 3.0 1.0 0.0 10.0 1.0 9.0 
12.0 0.0 11.0 12.0 1.0 0.0 11.0 4.0 0.0 1.0 0.0 10.0 1.0 9.0 
13.0 1.0 0.0 12.0 2.0 1.0 12.0 4.0 1.0 2.0 1.0 12.0 1.0 10.0 
14.0 2.0 1.0 0.0 3.0 2.0 13.0 5.0 3.0 1.0 2.0 14.0 1.0 11.0 
30.0 2.0 1.0 0.0 4.0 0.0 13.0 5.0 3.0 1.0 2.0 0.0 0.0 11.0 
31.0 0.0 1.0 0.0 4.0 1.0 14.0 6.0 0.0 1.0 2.0 0.0 0.0 12.0 
44.0 0.0 0.0 0.0 4.0 1.0 0.0 21.0 0.0 2.0 0.0 0.0 0.0 0.0 
