1.0 7.0 0.0 6.0 6.0 6.0 7.0 1.0 7.0 7.0 8.0 8.0 1.0 7.0 
1.0 8.0 0.0 7.0 7.0 7.0 8.0 2.0 8.0 0.0 8.0 8.0 1.0 7.0 
2.0 9.0 1.0 9.0 9.0 0.0 9.0 3.0 9.0 1.0 9.0 1.0 2.0 8.0 
5.0 0.0 1.0 9.0 9.0 0.0 10.0 3.0 11.0 0.0 10.0 2.0 3.0 9.0 
6.0 2.0 0.0 10.0 10.0 1.0 11.0 4.0 0.0 0.0 11.0 3.0 4.0 10.0 
7.0 3.0 1.0 11.0 0.0 1.0 11.0 4.0 1.0 1.0 12.0 4.0 5.0 11.0 
20.0 3.0 1.0 11.0 0.0 0.0 11.0 4.0 2.0 0.0 0.0 4.0 5.0 11.0 
20.0 4.0 0.0 11.0 0.0 0.0 12.0 5.0 0.0 0.0 0.0 4.0 5.0 11.0 
21.0 0.0 0.0 11.0 0.0 0.0 12.0 6.0 2.0 0.0 1.0 6.0 1.0 12.0 
24.0 1.0 1.0 0.0 0.0 0.0 13.0 7.0 3.0 0.0 1.0 7.0 2.0 13.0 
25.0 0.0 1.0 0.0 0.0 0.0 13.0 8.0 3.0 0.0 0.0 7.0 2.0 13.0 
31.0 1.0 2.0 1.0 1.0 1.0 0.0 8.0 0.0 1.0 1.0 8.0 3.0 14.0 
31.0 1.0 2.0 2.0 0.0 1.0 0.0 9.0 0.0 0.0 1.0 8.0 3.0 14.0 
32.0 0.0 2.0 2.0 0.0 0.0 0.0 11.0 0.0 0.0 2.0 9.0 0.0 14.0 
47.0 0.0 3.0 0.0 0.0 0.0 0.0 11.0 0.0 0.0 2.0 9.0 0.0 0.0 
48.0 1.0 0.0 1.0 1.0 1.0 1.0 12.0 1.0 1.0 3.0 0.0 1.0 1.0 
49.0 0.0 0.0 1.0 1.0 1.0 2.0 14.0 0.0 2.0 0.0 0.0 1.0 1.0 
51.0 0.0 0.0 0.0 1.0 1.0 2.0 14.0 0.0 2.0 0.0 0.0 0.0 1.0 
52.0 0.0 0.0 0.0 0.0 1.0 2.0 15.0 0.0 2.0 0.0 0.0 0.0 0.0 
