1.0 7.0 7.0 7.0 7.0 7.0 0.0 0.0 6.0 6.0 6.0 6.0 6.0 6.0 
2.0 8.0 0.0 7.0 7.0 7.0 0.0 0.0 6.0 7.0 7.0 7.0 7.0 7.0 
3.0 9.0 1.0 9.0 9.0 0.0 1.0 1.0 7.0 8.0 0.0 8.0 8.0 8.0 
4.0 0.0 1.0 10.0 10.0 2.0 3.0 2.0 9.0 10.0 2.0 1.0 9.0 9.0 
5.0 1.0 2.0 0.0 10.0 2.0 4.0 2.0 10.0 11.0 4.0 1.0 10.0 10.0 
6.0 3.0 4.0 2.0 0.0 3.0 6.0 3.0 12.0 1.0 5.0 3.0 12.0 12.0 
7.0 4.0 0.0 2.0 0.0 4.0 7.0 4.0 13.0 2.0 0.0 3.0 13.0 13.0 
8.0 0.0 0.0 3.0 1.0 5.0 8.0 7.0 14.0 3.0 2.0 5.0 1.0 15.0 
9.0 1.0 1.0 0.0 1.0 5.0 9.0 8.0 15.0 4.0 3.0 0.0 1.0 15.0 
10.0 1.0 1.0 0.0 0.0 5.0 9.0 8.0 15.0 4.0 3.0 0.0 1.0 15.0 
10.0 2.0 0.0 0.0 0.0 6.0 10.0 9.0 16.0 0.0 3.0 0.0 1.0 15.0 
11.0 0.0 0.0 0.0 0.0 6.0 10.0 11.0 17.0 1.0 0.0 0.0 0.0 16.0 
12.0 0.0 1.0 1.0 2.0 8.0 12.0 13.0 1.0 2.0 1.0 1.0 1.0 17.0 
12.0 0.0 2.0 0.0 2.0 8.0 12.0 13.0 1.0 2.0 1.0 1.0 1.0 17.0 
13.0 1.0 3.0 1.0 3.0 0.0 12.0 14.0 2.0 0.0 1.0 3.0 1.0 18.0 
14.0 2.0 0.0 1.0 3.0 0.0 12.0 15.0 2.0 0.0 0.0 3.0 1.0 19.0 
14.0 3.0 1.0 2.0 0.0 0.0 12.0 15.0 2.0 0.0 0.0 4.0 0.0 19.0 
15.0 0.0 1.0 2.0 0.0 1.0 13.0 17.0 0.0 1.0 1.0 0.0 1.0 20.0 
36.0 0.0 2.0 0.0 0.0 1.0 0.0 31.0 0.0 0.0 1.0 0.0 1.0 0.0 
37.0 1.0 0.0 0.0 0.0 0.0 0.0 33.0 0.0 0.0 0.0 0.0 1.0 0.0 
38.0 0.0 0.0 0.0 0.0 0.0 0.0 34.0 0.0 0.0 0.0 0.0 0.0 0.0 
