1.0 7.0 8.0 0.0 7.0 7.0 7.0 1.0 0.0 6.0 7.0 7.0 7.0 7.0 
2.0 0.0 8.0 0.0 8.0 8.0 8.0 2.0 2.0 8.0 9.0 1.0 8.0 8.0 
2.0 1.0 10.0 0.0 9.0 9.0 9.0 3.0 3.0 0.0 9.0 1.0 8.0 8.0 
3.0 0.0 10.0 0.0 9.0 9.0 9.0 3.0 3.0 0.0 10.0 0.0 8.0 8.0 
4.0 1.0 11.0 1.0 0.0 9.0 9.0 3.0 3.0 1.0 11.0 1.0 9.0 9.0 
18.0 2.0 0.0 1.0 0.0 11.0 11.0 4.0 1.0 2.0 0.0 2.0 10.0 10.0 
19.0 0.0 0.0 1.0 0.0 0.0 11.0 17.0 2.0 0.0 1.0 0.0 10.0 11.0 
20.0 1.0 1.0 2.0 1.0 1.0 0.0 18.0 2.0 1.0 1.0 1.0 11.0 12.0 
20.0 2.0 0.0 2.0 1.0 1.0 0.0 18.0 3.0 0.0 1.0 1.0 11.0 12.0 
20.0 3.0 1.0 0.0 1.0 0.0 0.0 20.0 3.0 0.0 0.0 1.0 11.0 12.0 
20.0 4.0 0.0 0.0 0.0 0.0 0.0 22.0 3.0 0.0 0.0 0.0 11.0 12.0 
20.0 6.0 0.0 1.0 1.0 1.0 1.0 23.0 4.0 1.0 1.0 1.0 0.0 12.0 
21.0 6.0 0.0 0.0 1.0 1.0 1.0 23.0 5.0 0.0 1.0 1.0 0.0 12.0 
22.0 0.0 0.0 0.0 1.0 1.0 1.0 23.0 5.0 1.0 3.0 1.0 1.0 13.0 
23.0 0.0 0.0 0.0 0.0 1.0 1.0 23.0 5.0 1.0 4.0 0.0 1.0 13.0 
23.0 0.0 0.0 2.0 2.0 0.0 2.0 24.0 0.0 1.0 4.0 0.0 1.0 13.0 
25.0 0.0 0.0 3.0 0.0 0.0 3.0 25.0 1.0 2.0 0.0 0.0 0.0 13.0 
26.0 0.0 0.0 4.0 1.0 1.0 4.0 31.0 1.0 1.0 1.0 1.0 1.0 0.0 
26.0 0.0 0.0 4.0 2.0 0.0 4.0 31.0 1.0 1.0 2.0 0.0 1.0 0.0 
27.0 1.0 1.0 0.0 2.0 0.0 0.0 37.0 0.0 2.0 0.0 0.0 1.0 1.0 
28.0 0.0 1.0 0.0 2.0 0.0 0.0 40.0 0.0 0.0 0.0 0.0 0.0 1.0 
32.0 0.0 0.0 0.0 0.0 0.0 0.0 40.0 0.0 0.0 0.0 0.0 0.0 0.0 
