1.0 0.0 6.0 6.0 6.0 6.0 6.0 0.0 6.0 7.0 7.0 7.0 7.0 7.0 
2.0 1.0 8.0 8.0 0.0 7.0 7.0 1.0 0.0 7.0 7.0 8.0 8.0 8.0 
2.0 1.0 8.0 10.0 0.0 8.0 8.0 2.0 1.0 8.0 8.0 0.0 8.0 8.0 
3.0 2.0 9.0 0.0 1.0 9.0 10.0 3.0 3.0 10.0 10.0 2.0 1.0 9.0 
4.0 4.0 11.0 2.0 3.0 0.0 11.0 4.0 4.0 12.0 1.0 3.0 2.0 11.0 
5.0 0.0 11.0 2.0 3.0 0.0 11.0 4.0 5.0 13.0 2.0 1.0 3.0 12.0 
18.0 0.0 12.0 0.0 3.0 0.0 11.0 4.0 6.0 14.0 0.0 1.0 3.0 0.0 
24.0 1.0 0.0 2.0 5.0 2.0 13.0 5.0 1.0 15.0 1.0 2.0 0.0 1.0 
25.0 0.0 1.0 3.0 6.0 3.0 14.0 8.0 3.0 0.0 2.0 3.0 1.0 3.0 
29.0 0.0 0.0 3.0 6.0 3.0 14.0 8.0 3.0 0.0 2.0 4.0 0.0 0.0 
30.0 1.0 1.0 4.0 0.0 4.0 15.0 10.0 0.0 1.0 3.0 1.0 1.0 1.0 
30.0 2.0 0.0 4.0 0.0 4.0 15.0 10.0 0.0 1.0 3.0 2.0 0.0 1.0 
31.0 0.0 0.0 4.0 0.0 4.0 15.0 11.0 1.0 3.0 1.0 0.0 0.0 2.0 
32.0 1.0 1.0 0.0 0.0 4.0 15.0 12.0 0.0 4.0 0.0 0.0 0.0 3.0 
33.0 0.0 1.0 0.0 0.0 5.0 16.0 13.0 1.0 0.0 0.0 0.0 0.0 3.0 
37.0 0.0 0.0 0.0 0.0 5.0 16.0 13.0 1.0 0.0 0.0 0.0 0.0 0.0 
