1.0 0.0 6.0 6.0 6.0 6.0 6.0 0.0 6.0 7.0 7.0 7.0 7.0 7.0 
2.0 1.0 7.0 0.0 6.0 7.0 7.0 1.0 7.0 8.0 8.0 9.0 1.0 8.0 
3.0 0.0 8.0 1.0 7.0 8.0 8.0 2.0 0.0 8.0 8.0 9.0 1.0 9.0 
4.0 1.0 0.0 2.0 8.0 9.0 10.0 3.0 2.0 10.0 10.0 1.0 2.0 10.0 
4.0 2.0 1.0 0.0 8.0 9.0 10.0 3.0 2.0 10.0 11.0 0.0 2.0 10.0 
5.0 3.0 2.0 1.0 9.0 0.0 11.0 4.0 0.0 10.0 12.0 1.0 3.0 11.0 
6.0 5.0 0.0 2.0 10.0 1.0 12.0 5.0 1.0 0.0 12.0 1.0 4.0 13.0 
7.0 7.0 2.0 0.0 11.0 2.0 13.0 6.0 2.0 1.0 0.0 2.0 5.0 14.0 
10.0 7.0 2.0 0.0 12.0 0.0 13.0 6.0 2.0 1.0 0.0 0.0 5.0 14.0 
11.0 8.0 0.0 0.0 12.0 0.0 13.0 6.0 3.0 0.0 0.0 0.0 5.0 14.0 
12.0 0.0 0.0 0.0 12.0 0.0 14.0 6.0 4.0 1.0 1.0 1.0 6.0 15.0 
16.0 1.0 1.0 1.0 0.0 0.0 15.0 6.0 5.0 0.0 3.0 1.0 7.0 16.0 
16.0 2.0 0.0 1.0 0.0 0.0 15.0 6.0 5.0 0.0 4.0 0.0 7.0 16.0 
22.0 2.0 0.0 1.0 0.0 0.0 16.0 7.0 6.0 1.0 0.0 1.0 0.0 16.0 
23.0 2.0 0.0 0.0 0.0 0.0 16.0 8.0 6.0 1.0 0.0 0.0 0.0 16.0 
24.0 0.0 0.0 0.0 0.0 0.0 16.0 8.0 7.0 0.0 0.0 0.0 0.0 17.0 
24.0 2.0 0.0 1.0 1.0 1.0 17.0 9.0 0.0 0.0 0.0 0.0 0.0 17.0 
24.0 3.0 2.0 3.0 0.0 2.0 18.0 10.0 1.0 2.0 2.0 2.0 2.0 1.0 
25.0 0.0 2.0 3.0 0.0 2.0 18.0 10.0 2.0 3.0 0.0 2.0 3.0 2.0 
26.0 1.0 3.0 0.0 0.0 2.0 19.0 11.0 3.0 0.0 0.0 2.0 3.0 2.0 
28.0 3.0 5.0 2.0 2.0 4.0 1.0 11.0 4.0 1.0 1.0 3.0 4.0 3.0 
29.0 0.0 5.0 2.0 2.0 4.0 1.0 11.0 4.0 1.0 1.0 3.0 5.0 4.0 
30.0 1.0 0.0 2.0 2.0 4.0 1.0 11.0 4.0 2.0 0.0 4.0 6.0 5.0 
30.0 2.0 1.0 3.0 3.0 0.0 2.0 14.0 7.0 2.0 2.0 1.0 0.0 5.0 
31.0 0.0 1.0 3.0 3.0 0.0 2.0 15.0 9.0 1.0 0.0 1.0 0.0 6.0 
32.0 0.0 0.0 4.0 4.0 1.0 3.0 19.0 0.0 1.0 0.0 1.0 0.0 7.0 
33.0 1.0 1.0 5.0 0.0 1.0 3.0 19.0 0.0 1.0 0.0 1.0 0.0 7.0 
34.0 0.0 1.0 5.0 0.0 1.0 3.0 19.0 0.0 1.0 0.0 1.0 0.0 7.0 
35.0 1.0 2.0 0.0 0.0 1.0 3.0 19.0 0.0 1.0 0.0 1.0 1.0 8.0 
36.0 0.0 2.0 0.0 0.0 1.0 0.0 23.0 0.0 0.0 0.0 1.0 1.0 8.0 
37.0 1.0 0.0 0.0 0.0 1.0 0.0 23.0 0.0 0.0 0.0 1.0 1.0 8.0 
38.0 1.0 0.0 0.0 0.0 0.0 0.0 23.0 0.0 0.0 0.0 1.0 1.0 8.0 
39.0 0.0 0.0 0.0 0.0 0.0 0.0 33.0 0.0 0.0 0.0 0.0 0.0 0.0 
