1.0 7.0 7.0 7.0 7.0 7.0 0.0 0.0 6.0 6.0 6.0 6.0 6.0 6.0 
2.0 8.0 8.0 0.0 7.0 7.0 0.0 0.0 6.0 6.0 7.0 7.0 7.0 7.0 
3.0 9.0 0.0 1.0 8.0 8.0 1.0 1.0 8.0 1.0 8.0 8.0 8.0 8.0 
4.0 10.0 1.0 2.0 0.0 9.0 2.0 2.0 9.0 3.0 10.0 10.0 1.0 9.0 
5.0 12.0 0.0 3.0 1.0 10.0 3.0 3.0 0.0 3.0 10.0 10.0 2.0 10.0 
10.0 0.0 0.0 4.0 2.0 11.0 4.0 3.0 1.0 4.0 11.0 11.0 0.0 11.0 
11.0 0.0 0.0 5.0 0.0 12.0 5.0 4.0 2.0 0.0 11.0 11.0 0.0 11.0 
11.0 1.0 0.0 7.0 0.0 13.0 6.0 7.0 3.0 1.0 0.0 11.0 0.0 12.0 
12.0 0.0 0.0 7.0 0.0 14.0 7.0 8.0 0.0 1.0 0.0 11.0 0.0 12.0 
13.0 1.0 1.0 0.0 0.0 14.0 7.0 8.0 0.0 1.0 1.0 12.0 1.0 13.0 
14.0 2.0 2.0 1.0 2.0 1.0 8.0 8.0 1.0 2.0 2.0 14.0 1.0 14.0 
15.0 0.0 2.0 1.0 2.0 1.0 8.0 8.0 2.0 3.0 0.0 14.0 1.0 15.0 
15.0 0.0 3.0 0.0 2.0 1.0 9.0 9.0 3.0 0.0 0.0 14.0 1.0 15.0 
16.0 1.0 0.0 0.0 2.0 1.0 9.0 9.0 3.0 0.0 0.0 15.0 0.0 16.0 
16.0 3.0 2.0 2.0 0.0 2.0 10.0 10.0 4.0 2.0 2.0 1.0 1.0 17.0 
16.0 3.0 2.0 3.0 1.0 0.0 10.0 10.0 4.0 2.0 2.0 2.0 0.0 17.0 
17.0 4.0 0.0 3.0 1.0 0.0 10.0 10.0 5.0 3.0 0.0 2.0 0.0 17.0 
18.0 5.0 1.0 0.0 1.0 0.0 10.0 10.0 5.0 3.0 0.0 2.0 0.0 17.0 
19.0 0.0 1.0 0.0 1.0 0.0 10.0 10.0 5.0 3.0 1.0 3.0 1.0 18.0 
38.0 0.0 0.0 0.0 1.0 0.0 11.0 11.0 6.0 0.0 1.0 3.0 1.0 0.0 
39.0 0.0 0.0 1.0 2.0 1.0 12.0 12.0 0.0 0.0 1.0 3.0 1.0 0.0 
41.0 0.0 0.0 2.0 0.0 0.0 12.0 14.0 0.0 0.0 0.0 3.0 0.0 0.0 
42.0 0.0 1.0 0.0 0.0 0.0 0.0 27.0 0.0 1.0 1.0 0.0 0.0 0.0 
43.0 0.0 0.0 0.0 0.0 0.0 0.0 29.0 0.0 0.0 0.0 0.0 0.0 0.0 
