1.0 7.0 7.0 7.0 7.0 0.0 6.0 0.0 6.0 6.0 6.0 6.0 6.0 7.0 
1.0 7.0 7.0 7.0 9.0 0.0 7.0 1.0 7.0 7.0 0.0 6.0 6.0 7.0 
2.0 8.0 8.0 0.0 9.0 0.0 8.0 2.0 8.0 8.0 2.0 8.0 1.0 8.0 
3.0 9.0 0.0 0.0 9.0 0.0 8.0 2.0 10.0 10.0 1.0 9.0 2.0 9.0 
16.0 0.0 0.0 0.0 9.0 0.0 9.0 2.0 11.0 0.0 3.0 11.0 1.0 10.0 
16.0 1.0 1.0 1.0 11.0 0.0 10.0 3.0 0.0 0.0 4.0 12.0 2.0 11.0 
17.0 0.0 1.0 1.0 11.0 0.0 11.0 4.0 1.0 1.0 0.0 12.0 2.0 11.0 
29.0 0.0 0.0 1.0 11.0 0.0 11.0 4.0 1.0 1.0 0.0 12.0 2.0 0.0 
30.0 0.0 1.0 2.0 12.0 1.0 12.0 5.0 2.0 2.0 1.0 0.0 3.0 1.0 
31.0 1.0 2.0 3.0 0.0 2.0 13.0 5.0 3.0 3.0 2.0 1.0 4.0 2.0 
32.0 2.0 0.0 3.0 0.0 2.0 13.0 5.0 4.0 4.0 0.0 1.0 4.0 2.0 
33.0 0.0 0.0 3.0 0.0 2.0 13.0 5.0 4.0 4.0 0.0 1.0 4.0 3.0 
38.0 0.0 0.0 4.0 2.0 0.0 14.0 6.0 0.0 4.0 0.0 1.0 0.0 3.0 
39.0 1.0 1.0 0.0 2.0 1.0 15.0 7.0 1.0 0.0 0.0 1.0 0.0 4.0 
39.0 2.0 0.0 0.0 0.0 1.0 15.0 11.0 0.0 0.0 0.0 0.0 0.0 4.0 
40.0 0.0 0.0 0.0 0.0 0.0 15.0 13.0 0.0 0.0 1.0 1.0 1.0 1.0 
41.0 1.0 1.0 1.0 2.0 2.0 1.0 13.0 1.0 1.0 2.0 2.0 3.0 1.0 
41.0 2.0 0.0 1.0 2.0 2.0 1.0 13.0 1.0 2.0 3.0 0.0 3.0 1.0 
45.0 2.0 0.0 2.0 0.0 2.0 2.0 15.0 0.0 0.0 3.0 0.0 0.0 1.0 
45.0 3.0 1.0 0.0 0.0 2.0 2.0 16.0 2.0 0.0 0.0 0.0 0.0 1.0 
46.0 0.0 1.0 0.0 0.0 2.0 3.0 17.0 0.0 0.0 0.0 0.0 1.0 2.0 
47.0 0.0 1.0 0.0 1.0 3.0 0.0 18.0 0.0 0.0 0.0 0.0 0.0 2.0 
48.0 0.0 1.0 0.0 0.0 3.0 0.0 19.0 0.0 0.0 0.0 0.0 1.0 0.0 
