1.0 7.0 0.0 6.0 6.0 6.0 6.0 0.0 6.0 6.0 7.0 7.0 7.0 7.0 
2.0 8.0 1.0 0.0 7.0 7.0 7.0 1.0 7.0 7.0 1.0 8.0 8.0 8.0 
3.0 9.0 2.0 2.0 9.0 0.0 8.0 2.0 8.0 8.0 2.0 1.0 9.0 9.0 
4.0 10.0 3.0 3.0 0.0 0.0 8.0 2.0 8.0 9.0 4.0 1.0 10.0 10.0 
7.0 0.0 3.0 3.0 0.0 1.0 10.0 3.0 10.0 11.0 0.0 2.0 11.0 11.0 
8.0 2.0 5.0 0.0 1.0 2.0 11.0 4.0 11.0 12.0 1.0 3.0 0.0 12.0 
8.0 3.0 7.0 2.0 3.0 0.0 12.0 5.0 12.0 0.0 2.0 4.0 1.0 13.0 
9.0 5.0 0.0 3.0 4.0 1.0 0.0 21.0 1.0 3.0 5.0 2.0 3.0 15.0 
10.0 6.0 1.0 0.0 4.0 2.0 1.0 22.0 2.0 4.0 0.0 2.0 3.0 15.0 
11.0 7.0 2.0 1.0 0.0 2.0 1.0 22.0 2.0 4.0 0.0 2.0 3.0 15.0 
11.0 7.0 3.0 0.0 0.0 2.0 1.0 22.0 2.0 4.0 0.0 2.0 3.0 15.0 
12.0 0.0 3.0 0.0 0.0 2.0 1.0 22.0 3.0 6.0 2.0 4.0 1.0 16.0 
13.0 1.0 0.0 0.0 0.0 2.0 1.0 22.0 4.0 7.0 0.0 4.0 1.0 17.0 
15.0 1.0 0.0 1.0 2.0 0.0 2.0 23.0 0.0 7.0 0.0 4.0 0.0 17.0 
16.0 0.0 1.0 2.0 3.0 1.0 3.0 24.0 1.0 0.0 0.0 4.0 0.0 17.0 
34.0 0.0 2.0 0.0 3.0 1.0 3.0 24.0 1.0 0.0 0.0 4.0 0.0 0.0 
35.0 0.0 3.0 1.0 0.0 1.0 0.0 31.0 0.0 0.0 1.0 0.0 0.0 0.0 
