1.0 7.0 7.0 7.0 7.0 0.0 6.0 0.0 6.0 6.0 6.0 6.0 6.0 7.0 
1.0 7.0 7.0 8.0 9.0 0.0 7.0 1.0 7.0 0.0 6.0 6.0 6.0 7.0 
2.0 8.0 0.0 8.0 9.0 0.0 8.0 2.0 8.0 2.0 8.0 8.0 1.0 8.0 
2.0 9.0 1.0 9.0 11.0 0.0 9.0 4.0 0.0 0.0 8.0 8.0 2.0 9.0 
3.0 10.0 2.0 0.0 12.0 1.0 11.0 5.0 2.0 2.0 10.0 1.0 3.0 10.0 
4.0 11.0 0.0 0.0 12.0 1.0 11.0 5.0 2.0 3.0 11.0 2.0 0.0 10.0 
4.0 11.0 0.0 0.0 13.0 0.0 11.0 5.0 2.0 3.0 11.0 2.0 0.0 10.0 
9.0 0.0 0.0 0.0 14.0 1.0 13.0 6.0 4.0 1.0 12.0 0.0 1.0 11.0 
10.0 1.0 1.0 2.0 1.0 2.0 14.0 6.0 6.0 1.0 13.0 1.0 2.0 12.0 
11.0 0.0 1.0 2.0 1.0 2.0 14.0 6.0 6.0 1.0 14.0 0.0 2.0 12.0 
24.0 0.0 2.0 0.0 1.0 2.0 14.0 6.0 6.0 1.0 14.0 0.0 2.0 0.0 
24.0 1.0 4.0 2.0 3.0 0.0 15.0 7.0 7.0 3.0 1.0 1.0 3.0 1.0 
25.0 0.0 4.0 2.0 3.0 0.0 15.0 7.0 7.0 4.0 0.0 1.0 3.0 1.0 
27.0 0.0 5.0 3.0 0.0 0.0 15.0 7.0 7.0 4.0 0.0 1.0 3.0 0.0 
28.0 1.0 0.0 3.0 0.0 1.0 16.0 8.0 8.0 0.0 0.0 2.0 4.0 1.0 
29.0 2.0 1.0 0.0 0.0 1.0 16.0 8.0 9.0 1.0 1.0 3.0 0.0 1.0 
30.0 0.0 1.0 0.0 0.0 1.0 16.0 8.0 9.0 1.0 1.0 3.0 0.0 2.0 
32.0 0.0 1.0 0.0 0.0 0.0 16.0 8.0 10.0 0.0 0.0 3.0 0.0 2.0 
32.0 1.0 3.0 0.0 1.0 1.0 17.0 9.0 0.0 0.0 0.0 4.0 1.0 3.0 
33.0 0.0 3.0 0.0 1.0 1.0 17.0 9.0 0.0 0.0 0.0 5.0 0.0 3.0 
39.0 0.0 3.0 0.0 0.0 1.0 17.0 9.0 0.0 0.0 0.0 0.0 0.0 3.0 
40.0 1.0 0.0 0.0 0.0 1.0 17.0 10.0 0.0 0.0 0.0 1.0 1.0 1.0 
41.0 0.0 0.0 0.0 0.0 1.0 17.0 11.0 0.0 0.0 0.0 0.0 1.0 1.0 
42.0 0.0 0.0 0.0 0.0 0.0 17.0 11.0 0.0 0.0 0.0 0.0 1.0 1.0 
43.0 1.0 2.0 2.0 2.0 2.0 1.0 11.0 1.0 1.0 1.0 1.0 3.0 1.0 
43.0 1.0 2.0 3.0 3.0 0.0 1.0 11.0 2.0 0.0 1.0 1.0 3.0 1.0 
44.0 0.0 2.0 3.0 3.0 0.0 1.0 12.0 2.0 0.0 0.0 1.0 3.0 1.0 
46.0 0.0 3.0 4.0 0.0 0.0 1.0 12.0 2.0 0.0 0.0 1.0 3.0 0.0 
47.0 1.0 0.0 4.0 0.0 0.0 2.0 13.0 0.0 0.0 0.0 1.0 3.0 1.0 
48.0 0.0 0.0 4.0 0.0 0.0 2.0 14.0 0.0 0.0 0.0 0.0 3.0 1.0 
49.0 0.0 0.0 4.0 0.0 1.0 0.0 14.0 0.0 0.0 0.0 0.0 3.0 1.0 
50.0 1.0 1.0 0.0 0.0 1.0 0.0 14.0 0.0 0.0 0.0 0.0 4.0 1.0 
51.0 0.0 1.0 0.0 0.0 1.0 0.0 15.0 0.0 1.0 1.0 1.0 0.0 1.0 
53.0 0.0 1.0 0.0 0.0 0.0 0.0 15.0 0.0 1.0 0.0 1.0 0.0 1.0 
