1.0 0.0 6.0 6.0 6.0 6.0 6.0 0.0 6.0 7.0 7.0 7.0 7.0 7.0 
2.0 1.0 7.0 7.0 0.0 7.0 7.0 1.0 7.0 8.0 8.0 8.0 1.0 8.0 
3.0 2.0 9.0 9.0 2.0 0.0 8.0 2.0 8.0 9.0 0.0 9.0 2.0 9.0 
4.0 0.0 9.0 9.0 0.0 0.0 8.0 5.0 8.0 9.0 0.0 10.0 0.0 10.0 
5.0 2.0 11.0 0.0 1.0 1.0 10.0 6.0 10.0 11.0 2.0 1.0 1.0 11.0 
6.0 0.0 11.0 0.0 1.0 1.0 10.0 6.0 10.0 11.0 2.0 2.0 0.0 12.0 
7.0 1.0 0.0 0.0 2.0 2.0 11.0 6.0 11.0 13.0 4.0 1.0 1.0 13.0 
9.0 1.0 0.0 1.0 0.0 2.0 12.0 7.0 12.0 14.0 0.0 1.0 0.0 13.0 
9.0 3.0 2.0 0.0 1.0 3.0 13.0 8.0 0.0 15.0 1.0 2.0 1.0 14.0 
10.0 0.0 2.0 0.0 1.0 3.0 13.0 8.0 0.0 16.0 0.0 2.0 2.0 15.0 
11.0 0.0 2.0 0.0 0.0 3.0 13.0 8.0 0.0 17.0 1.0 0.0 2.0 15.0 
12.0 1.0 0.0 0.0 0.0 3.0 13.0 8.0 0.0 18.0 0.0 0.0 2.0 15.0 
13.0 0.0 0.0 0.0 0.0 3.0 13.0 8.0 0.0 18.0 0.0 0.0 2.0 15.0 
16.0 0.0 0.0 1.0 1.0 0.0 13.0 8.0 0.0 18.0 0.0 0.0 0.0 15.0 
16.0 1.0 1.0 3.0 4.0 0.0 15.0 10.0 2.0 1.0 1.0 1.0 1.0 16.0 
17.0 0.0 1.0 3.0 4.0 0.0 16.0 11.0 0.0 1.0 1.0 1.0 1.0 16.0 
34.0 0.0 0.0 3.0 4.0 0.0 16.0 11.0 0.0 1.0 1.0 1.0 1.0 0.0 
35.0 1.0 1.0 4.0 0.0 0.0 16.0 11.0 0.0 2.0 0.0 1.0 1.0 0.0 
36.0 2.0 2.0 0.0 0.0 0.0 16.0 11.0 0.0 2.0 0.0 1.0 1.0 1.0 
37.0 3.0 0.0 0.0 0.0 0.0 16.0 14.0 0.0 0.0 0.0 0.0 1.0 1.0 
38.0 0.0 0.0 0.0 0.0 0.0 16.0 14.0 0.0 0.0 0.0 0.0 2.0 2.0 
39.0 1.0 1.0 2.0 2.0 2.0 1.0 15.0 1.0 1.0 1.0 2.0 1.0 3.0 
40.0 0.0 1.0 2.0 2.0 2.0 1.0 15.0 1.0 2.0 0.0 2.0 1.0 3.0 
44.0 0.0 2.0 0.0 2.0 2.0 1.0 15.0 1.0 2.0 0.0 2.0 1.0 0.0 
45.0 1.0 0.0 0.0 2.0 0.0 1.0 19.0 2.0 0.0 1.0 0.0 1.0 0.0 
46.0 0.0 0.0 0.0 2.0 0.0 1.0 19.0 2.0 0.0 1.0 0.0 1.0 0.0 
48.0 0.0 0.0 1.0 0.0 0.0 1.0 19.0 2.0 0.0 1.0 0.0 0.0 0.0 
49.0 0.0 0.0 0.0 0.0 0.0 2.0 20.0 0.0 0.0 1.0 0.0 0.0 0.0 
