1.0 7.0 7.0 7.0 0.0 6.0 6.0 0.0 6.0 6.0 6.0 6.0 7.0 7.0 
2.0 0.0 7.0 7.0 1.0 7.0 7.0 1.0 8.0 8.0 1.0 7.0 8.0 8.0 
3.0 1.0 0.0 7.0 1.0 7.0 7.0 1.0 8.0 10.0 1.0 8.0 9.0 9.0 
4.0 2.0 1.0 0.0 1.0 7.0 7.0 1.0 8.0 11.0 1.0 9.0 10.0 10.0 
5.0 4.0 0.0 1.0 2.0 8.0 8.0 2.0 0.0 11.0 1.0 9.0 10.0 11.0 
16.0 4.0 0.0 0.0 2.0 8.0 8.0 2.0 0.0 11.0 1.0 9.0 0.0 11.0 
16.0 5.0 2.0 0.0 3.0 9.0 9.0 3.0 1.0 0.0 1.0 10.0 1.0 12.0 
17.0 0.0 2.0 0.0 3.0 0.0 9.0 13.0 1.0 0.0 1.0 11.0 2.0 13.0 
18.0 2.0 0.0 1.0 4.0 1.0 10.0 14.0 2.0 1.0 2.0 0.0 2.0 15.0 
19.0 3.0 1.0 2.0 0.0 1.0 11.0 15.0 0.0 1.0 2.0 0.0 2.0 15.0 
19.0 4.0 0.0 2.0 0.0 1.0 11.0 15.0 0.0 1.0 2.0 0.0 2.0 15.0 
20.0 0.0 0.0 2.0 0.0 1.0 0.0 27.0 0.0 2.0 0.0 1.0 3.0 16.0 
37.0 0.0 1.0 0.0 0.0 1.0 0.0 27.0 0.0 3.0 1.0 2.0 0.0 0.0 
39.0 0.0 1.0 0.0 0.0 0.0 1.0 28.0 1.0 0.0 0.0 2.0 0.0 0.0 
40.0 0.0 1.0 0.0 0.0 0.0 0.0 30.0 0.0 0.0 1.0 0.0 0.0 0.0 
