1.0 7.0 7.0 0.0 6.0 6.0 6.0 0.0 6.0 6.0 6.0 7.0 7.0 7.0 
2.0 8.0 8.0 1.0 0.0 6.0 7.0 1.0 7.0 7.0 7.0 8.0 9.0 1.0 
3.0 10.0 10.0 3.0 2.0 0.0 8.0 2.0 0.0 7.0 7.0 8.0 10.0 2.0 
4.0 11.0 0.0 4.0 3.0 2.0 10.0 3.0 2.0 9.0 9.0 1.0 11.0 3.0 
5.0 12.0 1.0 5.0 4.0 3.0 0.0 4.0 0.0 10.0 10.0 2.0 12.0 4.0 
5.0 13.0 0.0 5.0 4.0 3.0 0.0 4.0 0.0 11.0 11.0 0.0 12.0 4.0 
7.0 1.0 2.0 7.0 6.0 5.0 2.0 5.0 2.0 13.0 13.0 2.0 1.0 6.0 
8.0 0.0 2.0 7.0 6.0 5.0 2.0 5.0 2.0 13.0 13.0 2.0 1.0 6.0 
9.0 1.0 0.0 7.0 6.0 5.0 2.0 5.0 2.0 13.0 13.0 2.0 1.0 6.0 
10.0 0.0 0.0 7.0 6.0 5.0 2.0 5.0 2.0 13.0 13.0 2.0 1.0 6.0 
11.0 1.0 1.0 8.0 7.0 0.0 2.0 5.0 2.0 13.0 13.0 2.0 1.0 6.0 
12.0 0.0 1.0 8.0 7.0 0.0 2.0 5.0 2.0 13.0 13.0 2.0 1.0 6.0 
19.0 0.0 0.0 8.0 7.0 0.0 2.0 5.0 2.0 13.0 13.0 2.0 1.0 0.0 
19.0 2.0 0.0 9.0 8.0 0.0 3.0 8.0 3.0 0.0 14.0 3.0 2.0 1.0 
20.0 0.0 0.0 9.0 8.0 0.0 3.0 8.0 3.0 0.0 14.0 3.0 3.0 1.0 
21.0 1.0 1.0 0.0 8.0 0.0 3.0 8.0 4.0 1.0 15.0 4.0 5.0 1.0 
21.0 2.0 3.0 0.0 9.0 1.0 4.0 11.0 7.0 4.0 1.0 7.0 0.0 2.0 
22.0 3.0 0.0 0.0 9.0 1.0 4.0 11.0 7.0 5.0 0.0 7.0 0.0 3.0 
22.0 5.0 2.0 2.0 11.0 3.0 0.0 12.0 0.0 5.0 0.0 7.0 0.0 3.0 
23.0 0.0 2.0 2.0 12.0 4.0 1.0 13.0 1.0 0.0 1.0 8.0 1.0 4.0 
23.0 0.0 2.0 3.0 14.0 6.0 0.0 15.0 1.0 1.0 2.0 0.0 1.0 4.0 
24.0 1.0 3.0 0.0 14.0 6.0 0.0 17.0 0.0 0.0 2.0 0.0 1.0 4.0 
25.0 2.0 4.0 2.0 1.0 7.0 1.0 17.0 1.0 1.0 3.0 1.0 2.0 5.0 
25.0 3.0 5.0 0.0 0.0 7.0 1.0 24.0 0.0 0.0 0.0 0.0 2.0 5.0 
26.0 0.0 5.0 0.0 0.0 7.0 0.0 26.0 0.0 1.0 1.0 1.0 4.0 1.0 
27.0 1.0 0.0 0.0 0.0 7.0 0.0 26.0 0.0 1.0 1.0 2.0 6.0 1.0 
28.0 0.0 0.0 0.0 0.0 7.0 0.0 27.0 0.0 0.0 1.0 2.0 6.0 1.0 
29.0 1.0 1.0 1.0 1.0 0.0 0.0 27.0 0.0 0.0 1.0 2.0 7.0 2.0 
30.0 0.0 1.0 1.0 1.0 0.0 0.0 28.0 0.0 0.0 2.0 0.0 7.0 2.0 
33.0 0.0 0.0 1.0 1.0 0.0 0.0 28.0 0.0 0.0 2.0 0.0 7.0 0.0 
33.0 0.0 0.0 2.0 0.0 0.0 0.0 29.0 0.0 1.0 0.0 0.0 7.0 0.0 
34.0 0.0 1.0 0.0 0.0 0.0 0.0 30.0 0.0 0.0 0.0 0.0 7.0 0.0 
36.0 0.0 1.0 0.0 0.0 0.0 1.0 31.0 1.0 1.0 0.0 1.0 0.0 0.0 
37.0 0.0 0.0 0.0 0.0 0.0 0.0 35.0 0.0 0.0 0.0 0.0 0.0 0.0 
