1.0 7.0 0.0 7.0 7.0 7.0 7.0 1.0 0.0 7.0 7.0 7.0 7.0 7.0 
2.0 8.0 1.0 9.0 9.0 9.0 0.0 2.0 1.0 8.0 0.0 7.0 8.0 8.0 
2.0 9.0 0.0 9.0 10.0 10.0 1.0 4.0 1.0 9.0 1.0 8.0 0.0 8.0 
3.0 0.0 0.0 10.0 11.0 12.0 3.0 5.0 3.0 11.0 3.0 1.0 1.0 9.0 
4.0 1.0 1.0 0.0 11.0 13.0 5.0 6.0 1.0 12.0 4.0 2.0 2.0 10.0 
20.0 2.0 2.0 1.0 12.0 0.0 6.0 6.0 2.0 0.0 6.0 1.0 3.0 11.0 
21.0 3.0 0.0 1.0 12.0 0.0 7.0 7.0 0.0 0.0 6.0 1.0 3.0 11.0 
24.0 4.0 1.0 2.0 0.0 0.0 8.0 7.0 1.0 0.0 7.0 2.0 4.0 12.0 
25.0 0.0 1.0 2.0 0.0 0.0 0.0 17.0 0.0 1.0 8.0 4.0 1.0 13.0 
26.0 1.0 0.0 3.0 1.0 1.0 1.0 18.0 1.0 2.0 0.0 4.0 1.0 13.0 
27.0 0.0 0.0 3.0 1.0 1.0 1.0 18.0 1.0 2.0 0.0 4.0 1.0 13.0 
28.0 1.0 1.0 0.0 1.0 1.0 1.0 18.0 1.0 2.0 0.0 4.0 1.0 13.0 
29.0 0.0 1.0 0.0 1.0 1.0 1.0 18.0 1.0 2.0 0.0 4.0 1.0 13.0 
43.0 0.0 0.0 0.0 1.0 1.0 1.0 18.0 1.0 2.0 0.0 4.0 1.0 0.0 
43.0 0.0 0.0 0.0 2.0 0.0 2.0 20.0 3.0 0.0 1.0 0.0 1.0 0.0 
45.0 0.0 0.0 1.0 0.0 0.0 2.0 21.0 3.0 0.0 0.0 0.0 0.0 0.0 
