1.0 7.0 7.0 8.0 0.0 7.0 7.0 1.0 7.0 0.0 6.0 7.0 7.0 7.0 
2.0 8.0 8.0 0.0 1.0 8.0 8.0 2.0 8.0 2.0 1.0 8.0 8.0 8.0 
3.0 0.0 8.0 0.0 1.0 0.0 9.0 12.0 10.0 1.0 1.0 9.0 9.0 9.0 
4.0 0.0 9.0 1.0 2.0 1.0 10.0 13.0 0.0 1.0 1.0 10.0 10.0 10.0 
4.0 0.0 10.0 0.0 2.0 1.0 10.0 13.0 0.0 1.0 1.0 10.0 10.0 10.0 
4.0 0.0 12.0 0.0 3.0 2.0 11.0 14.0 1.0 2.0 2.0 11.0 0.0 10.0 
18.0 1.0 0.0 0.0 4.0 3.0 1.0 29.0 1.0 2.0 1.0 0.0 1.0 11.0 
18.0 2.0 2.0 2.0 6.0 0.0 2.0 30.0 2.0 3.0 2.0 1.0 2.0 0.0 
19.0 3.0 0.0 2.0 6.0 0.0 3.0 31.0 3.0 0.0 2.0 1.0 2.0 0.0 
20.0 4.0 1.0 3.0 0.0 0.0 3.0 31.0 3.0 0.0 2.0 1.0 3.0 1.0 
20.0 5.0 0.0 3.0 0.0 0.0 3.0 31.0 4.0 1.0 0.0 1.0 3.0 1.0 
21.0 0.0 0.0 3.0 1.0 1.0 4.0 32.0 0.0 1.0 1.0 2.0 4.0 2.0 
21.0 0.0 0.0 4.0 0.0 1.0 4.0 32.0 0.0 2.0 0.0 2.0 4.0 2.0 
22.0 1.0 1.0 0.0 0.0 1.0 0.0 37.0 0.0 3.0 1.0 3.0 0.0 3.0 
23.0 0.0 1.0 0.0 0.0 1.0 0.0 37.0 0.0 3.0 2.0 4.0 1.0 0.0 
26.0 0.0 1.0 0.0 0.0 0.0 0.0 37.0 0.0 3.0 0.0 4.0 1.0 0.0 
27.0 0.0 0.0 0.0 0.0 0.0 0.0 45.0 0.0 0.0 0.0 0.0 0.0 0.0 
