1.0 0.0 7.0 7.0 7.0 7.0 7.0 1.0 0.0 7.0 7.0 7.0 7.0 7.0 
2.0 1.0 9.0 9.0 0.0 8.0 8.0 2.0 1.0 0.0 8.0 8.0 8.0 8.0 
3.0 2.0 10.0 0.0 1.0 9.0 9.0 3.0 3.0 2.0 10.0 10.0 1.0 9.0 
4.0 4.0 0.0 1.0 3.0 11.0 11.0 5.0 6.0 2.0 1.0 11.0 2.0 11.0 
4.0 6.0 0.0 2.0 4.0 12.0 12.0 6.0 7.0 3.0 2.0 0.0 2.0 12.0 
5.0 0.0 1.0 3.0 5.0 13.0 13.0 7.0 1.0 4.0 3.0 1.0 3.0 13.0 
19.0 0.0 0.0 3.0 5.0 13.0 13.0 8.0 0.0 4.0 4.0 0.0 3.0 0.0 
27.0 1.0 1.0 4.0 6.0 0.0 14.0 8.0 1.0 0.0 6.0 2.0 1.0 1.0 
28.0 2.0 2.0 5.0 7.0 2.0 1.0 10.0 1.0 1.0 8.0 1.0 2.0 2.0 
29.0 3.0 0.0 5.0 7.0 2.0 0.0 13.0 0.0 0.0 8.0 1.0 2.0 2.0 
30.0 4.0 1.0 0.0 7.0 2.0 0.0 13.0 0.0 0.0 8.0 1.0 3.0 3.0 
31.0 5.0 2.0 1.0 0.0 0.0 0.0 16.0 0.0 0.0 9.0 3.0 1.0 4.0 
31.0 7.0 4.0 0.0 1.0 1.0 1.0 17.0 1.0 1.0 0.0 3.0 1.0 4.0 
32.0 8.0 0.0 0.0 1.0 1.0 0.0 20.0 0.0 0.0 0.0 3.0 2.0 5.0 
33.0 8.0 0.0 0.0 0.0 0.0 0.0 22.0 0.0 0.0 0.0 4.0 0.0 5.0 
36.0 0.0 0.0 0.0 0.0 0.0 0.0 36.0 0.0 0.0 0.0 0.0 0.0 0.0 
