1.0 7.0 7.0 7.0 7.0 0.0 6.0 0.0 6.0 6.0 6.0 6.0 6.0 7.0 
2.0 8.0 8.0 8.0 0.0 1.0 7.0 1.0 7.0 7.0 7.0 1.0 7.0 8.0 
3.0 9.0 9.0 0.0 1.0 2.0 8.0 2.0 9.0 9.0 1.0 2.0 8.0 9.0 
3.0 10.0 11.0 2.0 3.0 0.0 9.0 3.0 0.0 9.0 1.0 2.0 9.0 10.0 
4.0 11.0 0.0 2.0 4.0 1.0 10.0 3.0 1.0 11.0 1.0 3.0 10.0 11.0 
5.0 12.0 1.0 3.0 5.0 2.0 0.0 3.0 2.0 12.0 3.0 1.0 11.0 12.0 
6.0 0.0 2.0 4.0 6.0 3.0 1.0 3.0 3.0 13.0 5.0 1.0 12.0 13.0 
7.0 1.0 0.0 4.0 6.0 3.0 1.0 3.0 3.0 13.0 6.0 0.0 12.0 13.0 
8.0 0.0 0.0 4.0 6.0 3.0 1.0 3.0 3.0 13.0 6.0 0.0 12.0 13.0 
21.0 0.0 0.0 5.0 7.0 0.0 1.0 3.0 3.0 13.0 6.0 0.0 0.0 13.0 
22.0 1.0 1.0 0.0 7.0 1.0 2.0 4.0 0.0 13.0 6.0 0.0 1.0 14.0 
23.0 0.0 1.0 0.0 8.0 2.0 3.0 5.0 1.0 14.0 0.0 0.0 1.0 14.0 
24.0 0.0 1.0 0.0 9.0 3.0 0.0 5.0 1.0 14.0 0.0 0.0 1.0 14.0 
39.0 0.0 0.0 0.0 9.0 3.0 0.0 7.0 0.0 14.0 0.0 0.0 0.0 0.0 
39.0 2.0 2.0 2.0 11.0 0.0 1.0 8.0 2.0 1.0 1.0 1.0 1.0 1.0 
39.0 3.0 3.0 0.0 11.0 0.0 1.0 8.0 2.0 1.0 1.0 2.0 0.0 1.0 
40.0 4.0 4.0 1.0 0.0 0.0 2.0 8.0 3.0 3.0 1.0 3.0 1.0 2.0 
42.0 4.0 4.0 1.0 0.0 1.0 0.0 8.0 3.0 3.0 0.0 4.0 2.0 0.0 
42.0 4.0 5.0 0.0 0.0 1.0 0.0 9.0 3.0 3.0 0.0 5.0 0.0 0.0 
43.0 0.0 5.0 0.0 0.0 1.0 1.0 10.0 4.0 0.0 0.0 6.0 1.0 1.0 
43.0 0.0 5.0 0.0 0.0 2.0 0.0 10.0 4.0 0.0 0.0 6.0 2.0 0.0 
44.0 1.0 0.0 0.0 1.0 3.0 1.0 11.0 0.0 0.0 0.0 7.0 3.0 1.0 
44.0 2.0 1.0 1.0 3.0 0.0 2.0 12.0 1.0 1.0 1.0 0.0 3.0 1.0 
44.0 3.0 2.0 2.0 0.0 0.0 2.0 12.0 1.0 1.0 1.0 0.0 4.0 0.0 
45.0 0.0 2.0 2.0 0.0 0.0 2.0 12.0 2.0 2.0 2.0 1.0 1.0 1.0 
46.0 1.0 0.0 2.0 0.0 0.0 2.0 12.0 3.0 3.0 0.0 1.0 1.0 1.0 
47.0 0.0 0.0 2.0 0.0 0.0 2.0 12.0 3.0 3.0 0.0 1.0 1.0 1.0 
49.0 0.0 1.0 0.0 0.0 0.0 2.0 12.0 3.0 3.0 0.0 1.0 1.0 0.0 
50.0 0.0 1.0 0.0 0.0 0.0 3.0 13.0 0.0 3.0 0.0 1.0 1.0 0.0 
53.0 0.0 1.0 0.0 1.0 1.0 0.0 13.0 0.0 3.0 0.0 0.0 0.0 0.0 
54.0 0.0 1.0 0.0 0.0 1.0 1.0 14.0 1.0 0.0 0.0 0.0 0.0 0.0 
