1.0 7.0 7.0 7.0 0.0 7.0 7.0 1.0 7.0 7.0 0.0 7.0 7.0 7.0 
2.0 8.0 8.0 0.0 0.0 8.0 8.0 2.0 8.0 8.0 2.0 9.0 1.0 8.0 
3.0 0.0 8.0 0.0 0.0 8.0 9.0 2.0 10.0 10.0 1.0 10.0 2.0 9.0 
15.0 0.0 8.0 0.0 0.0 9.0 10.0 3.0 11.0 11.0 2.0 0.0 3.0 0.0 
16.0 2.0 10.0 2.0 2.0 0.0 11.0 4.0 0.0 12.0 4.0 2.0 5.0 2.0 
32.0 3.0 0.0 2.0 2.0 0.0 13.0 5.0 2.0 0.0 1.0 3.0 6.0 3.0 
33.0 0.0 0.0 2.0 2.0 0.0 13.0 5.0 2.0 0.0 2.0 4.0 8.0 1.0 
35.0 0.0 1.0 0.0 2.0 0.0 13.0 6.0 4.0 0.0 3.0 0.0 8.0 0.0 
36.0 0.0 0.0 0.0 3.0 1.0 14.0 7.0 5.0 1.0 4.0 1.0 0.0 0.0 
37.0 0.0 1.0 1.0 0.0 1.0 14.0 7.0 5.0 1.0 5.0 0.0 0.0 0.0 
37.0 0.0 2.0 0.0 0.0 1.0 14.0 7.0 6.0 0.0 5.0 0.0 0.0 0.0 
38.0 1.0 0.0 0.0 0.0 2.0 15.0 8.0 7.0 1.0 0.0 0.0 0.0 0.0 
39.0 1.0 0.0 0.0 1.0 0.0 15.0 8.0 7.0 1.0 0.0 0.0 0.0 0.0 
40.0 0.0 1.0 1.0 2.0 1.0 16.0 9.0 0.0 1.0 0.0 0.0 0.0 1.0 
41.0 0.0 0.0 0.0 2.0 1.0 16.0 11.0 0.0 1.0 0.0 0.0 0.0 0.0 
