1.0 7.0 7.0 0.0 6.0 6.0 7.0 1.0 7.0 7.0 7.0 8.0 1.0 7.0 
2.0 8.0 8.0 2.0 0.0 7.0 8.0 2.0 8.0 8.0 8.0 1.0 2.0 8.0 
2.0 9.0 9.0 0.0 0.0 8.0 9.0 3.0 9.0 9.0 9.0 2.0 3.0 0.0 
3.0 0.0 10.0 1.0 2.0 10.0 11.0 4.0 1.0 10.0 10.0 3.0 5.0 2.0 
3.0 2.0 12.0 1.0 0.0 11.0 12.0 10.0 4.0 13.0 0.0 0.0 1.0 3.0 
4.0 0.0 12.0 1.0 1.0 12.0 13.0 11.0 0.0 13.0 0.0 0.0 1.0 4.0 
5.0 0.0 13.0 2.0 2.0 0.0 14.0 26.0 1.0 0.0 1.0 1.0 2.0 5.0 
10.0 1.0 0.0 3.0 3.0 1.0 15.0 26.0 2.0 1.0 2.0 2.0 0.0 6.0 
11.0 0.0 0.0 3.0 3.0 1.0 15.0 27.0 4.0 3.0 4.0 0.0 1.0 0.0 
12.0 0.0 1.0 4.0 0.0 1.0 15.0 27.0 4.0 3.0 4.0 0.0 1.0 0.0 
13.0 0.0 0.0 4.0 1.0 2.0 16.0 28.0 0.0 3.0 4.0 0.0 1.0 0.0 
13.0 0.0 0.0 5.0 2.0 0.0 17.0 29.0 1.0 0.0 4.0 0.0 1.0 0.0 
14.0 1.0 2.0 2.0 4.0 2.0 1.0 35.0 2.0 1.0 5.0 1.0 1.0 1.0 
15.0 2.0 0.0 2.0 4.0 2.0 1.0 35.0 3.0 0.0 5.0 1.0 1.0 1.0 
16.0 0.0 0.0 2.0 4.0 2.0 1.0 35.0 3.0 0.0 5.0 1.0 1.0 2.0 
19.0 0.0 1.0 0.0 4.0 3.0 2.0 36.0 4.0 1.0 0.0 1.0 1.0 0.0 
20.0 0.0 0.0 0.0 5.0 4.0 3.0 37.0 0.0 1.0 0.0 1.0 1.0 0.0 
21.0 1.0 1.0 1.0 0.0 4.0 0.0 41.0 0.0 0.0 0.0 1.0 1.0 1.0 
21.0 2.0 2.0 2.0 1.0 0.0 0.0 42.0 0.0 0.0 0.0 0.0 1.0 1.0 
22.0 0.0 2.0 0.0 1.0 0.0 0.0 45.0 0.0 0.0 0.0 0.0 0.0 2.0 
23.0 1.0 0.0 0.0 1.0 0.0 0.0 46.0 0.0 0.0 0.0 0.0 1.0 0.0 
24.0 1.0 0.0 0.0 0.0 0.0 0.0 46.0 0.0 0.0 0.0 0.0 1.0 0.0 
