1.0 0.0 6.0 6.0 6.0 6.0 7.0 1.0 7.0 8.0 8.0 8.0 1.0 7.0 
2.0 1.0 0.0 7.0 7.0 7.0 8.0 2.0 8.0 10.0 1.0 9.0 2.0 8.0 
3.0 0.0 1.0 8.0 8.0 8.0 9.0 3.0 9.0 11.0 2.0 0.0 2.0 8.0 
12.0 0.0 0.0 8.0 8.0 8.0 9.0 3.0 9.0 11.0 2.0 0.0 2.0 0.0 
13.0 0.0 1.0 9.0 9.0 9.0 10.0 4.0 0.0 11.0 2.0 0.0 3.0 1.0 
14.0 1.0 2.0 10.0 0.0 9.0 10.0 4.0 0.0 12.0 3.0 1.0 4.0 2.0 
17.0 3.0 4.0 0.0 1.0 0.0 12.0 17.0 3.0 0.0 2.0 3.0 6.0 4.0 
18.0 0.0 4.0 0.0 1.0 0.0 13.0 18.0 4.0 1.0 3.0 4.0 1.0 5.0 
19.0 1.0 0.0 0.0 1.0 0.0 14.0 20.0 6.0 3.0 0.0 0.0 2.0 6.0 
20.0 0.0 0.0 0.0 0.0 0.0 14.0 22.0 6.0 3.0 0.0 1.0 0.0 6.0 
21.0 1.0 1.0 1.0 1.0 2.0 1.0 22.0 7.0 4.0 1.0 2.0 1.0 7.0 
21.0 2.0 0.0 1.0 1.0 2.0 1.0 22.0 7.0 5.0 0.0 2.0 1.0 7.0 
21.0 2.0 0.0 1.0 3.0 4.0 0.0 23.0 8.0 0.0 0.0 2.0 1.0 7.0 
22.0 0.0 0.0 1.0 3.0 0.0 0.0 28.0 8.0 0.0 1.0 0.0 1.0 8.0 
31.0 0.0 1.0 1.0 0.0 0.0 0.0 30.0 8.0 0.0 1.0 0.0 0.0 0.0 
32.0 0.0 3.0 0.0 1.0 1.0 1.0 33.0 0.0 0.0 1.0 0.0 0.0 0.0 
