1.0 7.0 7.0 7.0 7.0 7.0 0.0 0.0 6.0 6.0 6.0 6.0 6.0 6.0 
2.0 8.0 8.0 8.0 8.0 0.0 0.0 0.0 6.0 6.0 6.0 6.0 7.0 7.0 
10.0 8.0 8.0 8.0 8.0 0.0 0.0 1.0 7.0 0.0 7.0 7.0 8.0 0.0 
11.0 9.0 0.0 8.0 9.0 1.0 1.0 2.0 9.0 2.0 9.0 9.0 1.0 1.0 
11.0 11.0 0.0 9.0 10.0 2.0 2.0 3.0 10.0 3.0 0.0 9.0 1.0 1.0 
12.0 12.0 1.0 10.0 0.0 2.0 2.0 3.0 11.0 4.0 1.0 10.0 3.0 1.0 
17.0 0.0 3.0 12.0 2.0 4.0 4.0 4.0 1.0 5.0 3.0 12.0 5.0 0.0 
18.0 0.0 4.0 13.0 3.0 5.0 5.0 8.0 1.0 7.0 1.0 0.0 6.0 1.0 
20.0 0.0 5.0 14.0 4.0 6.0 0.0 8.0 1.0 7.0 1.0 0.0 6.0 0.0 
21.0 1.0 6.0 15.0 5.0 0.0 1.0 9.0 2.0 8.0 2.0 1.0 0.0 1.0 
22.0 0.0 6.0 15.0 5.0 0.0 1.0 9.0 2.0 8.0 3.0 0.0 0.0 1.0 
31.0 0.0 6.0 15.0 5.0 0.0 0.0 9.0 2.0 0.0 3.0 0.0 0.0 1.0 
32.0 1.0 0.0 15.0 5.0 0.0 1.0 10.0 0.0 0.0 4.0 1.0 1.0 2.0 
33.0 1.0 0.0 15.0 5.0 0.0 0.0 10.0 0.0 0.0 5.0 0.0 1.0 2.0 
34.0 0.0 0.0 0.0 5.0 0.0 0.0 26.0 0.0 0.0 5.0 0.0 0.0 2.0 
35.0 1.0 1.0 1.0 0.0 0.0 0.0 26.0 0.0 0.0 5.0 0.0 0.0 3.0 
35.0 1.0 2.0 0.0 0.0 1.0 1.0 27.0 1.0 1.0 0.0 0.0 0.0 3.0 
36.0 0.0 2.0 0.0 0.0 1.0 0.0 30.0 0.0 0.0 0.0 0.0 0.0 3.0 
37.0 1.0 0.0 0.0 0.0 1.0 0.0 30.0 0.0 0.0 0.0 0.0 0.0 3.0 
38.0 0.0 0.0 0.0 0.0 1.0 0.0 30.0 0.0 0.0 0.0 0.0 0.0 3.0 
39.0 0.0 0.0 0.0 0.0 0.0 0.0 33.0 0.0 0.0 0.0 0.0 0.0 0.0 
