1.0 8.0 8.0 8.0 8.0 8.0 0.0 2.0 0.0 7.0 7.0 7.0 7.0 1.0 
4.0 0.0 8.0 8.0 8.0 8.0 0.0 2.0 0.0 8.0 8.0 8.0 9.0 1.0 
4.0 1.0 9.0 9.0 9.0 10.0 0.0 3.0 1.0 0.0 8.0 8.0 9.0 1.0 
5.0 0.0 9.0 9.0 9.0 10.0 0.0 3.0 1.0 0.0 8.0 8.0 10.0 0.0 
6.0 1.0 10.0 10.0 10.0 0.0 0.0 3.0 1.0 1.0 9.0 9.0 11.0 1.0 
7.0 0.0 10.0 10.0 10.0 0.0 0.0 3.0 1.0 1.0 9.0 9.0 12.0 0.0 
11.0 1.0 0.0 10.0 10.0 0.0 1.0 3.0 2.0 0.0 10.0 10.0 13.0 1.0 
12.0 3.0 2.0 0.0 11.0 2.0 3.0 4.0 4.0 2.0 1.0 11.0 14.0 3.0 
12.0 4.0 4.0 2.0 13.0 0.0 4.0 5.0 5.0 3.0 2.0 0.0 14.0 4.0 
13.0 5.0 5.0 0.0 14.0 1.0 5.0 6.0 0.0 3.0 2.0 0.0 14.0 4.0 
14.0 6.0 6.0 2.0 1.0 2.0 6.0 6.0 1.0 4.0 3.0 1.0 15.0 5.0 
15.0 7.0 7.0 3.0 2.0 4.0 0.0 7.0 2.0 0.0 3.0 1.0 15.0 6.0 
15.0 8.0 8.0 4.0 3.0 0.0 1.0 8.0 0.0 0.0 3.0 1.0 15.0 6.0 
16.0 9.0 9.0 0.0 3.0 0.0 1.0 9.0 2.0 0.0 0.0 1.0 15.0 7.0 
17.0 9.0 9.0 0.0 0.0 0.0 0.0 13.0 2.0 0.0 0.0 0.0 15.0 7.0 
18.0 9.0 9.0 0.0 0.0 0.0 0.0 14.0 0.0 0.0 0.0 0.0 15.0 7.0 
18.0 10.0 10.0 2.0 0.0 1.0 1.0 15.0 1.0 1.0 2.0 2.0 1.0 8.0 
21.0 0.0 10.0 2.0 0.0 2.0 1.0 18.0 1.0 3.0 0.0 3.0 2.0 9.0 
22.0 1.0 0.0 2.0 0.0 3.0 3.0 20.0 2.0 1.0 1.0 4.0 3.0 10.0 
23.0 0.0 0.0 2.0 0.0 3.0 4.0 21.0 0.0 1.0 1.0 4.0 3.0 10.0 
27.0 0.0 0.0 3.0 1.0 4.0 0.0 21.0 0.0 1.0 1.0 4.0 0.0 10.0 
28.0 1.0 1.0 0.0 2.0 5.0 1.0 22.0 1.0 2.0 2.0 5.0 1.0 1.0 
28.0 2.0 0.0 0.0 2.0 5.0 0.0 27.0 0.0 1.0 0.0 5.0 1.0 1.0 
30.0 2.0 0.0 1.0 0.0 5.0 0.0 28.0 0.0 0.0 0.0 5.0 0.0 1.0 
31.0 3.0 1.0 2.0 1.0 0.0 1.0 29.0 1.0 1.0 1.0 0.0 0.0 1.0 
33.0 3.0 1.0 2.0 1.0 0.0 0.0 29.0 1.0 0.0 1.0 0.0 0.0 1.0 
33.0 3.0 0.0 3.0 0.0 0.0 0.0 32.0 0.0 0.0 1.0 0.0 0.0 0.0 
