1.0 7.0 0.0 6.0 7.0 7.0 7.0 1.0 7.0 7.0 1.0 7.0 7.0 7.0 
2.0 8.0 1.0 7.0 9.0 9.0 0.0 2.0 8.0 8.0 2.0 0.0 8.0 8.0 
3.0 9.0 2.0 8.0 0.0 10.0 1.0 3.0 9.0 10.0 4.0 2.0 10.0 1.0 
4.0 10.0 3.0 9.0 1.0 0.0 1.0 3.0 9.0 11.0 5.0 3.0 12.0 1.0 
5.0 11.0 0.0 9.0 1.0 0.0 1.0 3.0 10.0 12.0 6.0 0.0 12.0 2.0 
6.0 0.0 0.0 10.0 3.0 2.0 3.0 4.0 12.0 14.0 1.0 1.0 13.0 3.0 
6.0 0.0 0.0 11.0 4.0 3.0 0.0 4.0 12.0 14.0 2.0 0.0 13.0 3.0 
7.0 0.0 0.0 12.0 5.0 4.0 1.0 7.0 13.0 15.0 3.0 1.0 0.0 4.0 
8.0 1.0 1.0 13.0 0.0 4.0 1.0 7.0 13.0 15.0 3.0 1.0 0.0 5.0 
8.0 2.0 2.0 15.0 0.0 5.0 2.0 9.0 15.0 1.0 4.0 3.0 0.0 6.0 
9.0 3.0 0.0 15.0 0.0 5.0 2.0 9.0 16.0 2.0 5.0 0.0 0.0 6.0 
15.0 3.0 0.0 15.0 0.0 6.0 0.0 9.0 16.0 2.0 0.0 0.0 0.0 6.0 
16.0 4.0 1.0 16.0 1.0 0.0 0.0 10.0 17.0 3.0 1.0 2.0 0.0 1.0 
17.0 0.0 1.0 16.0 1.0 0.0 0.0 10.0 17.0 4.0 2.0 1.0 1.0 2.0 
17.0 0.0 1.0 17.0 0.0 0.0 0.0 10.0 17.0 4.0 2.0 2.0 2.0 0.0 
17.0 1.0 2.0 19.0 3.0 0.0 2.0 12.0 1.0 5.0 3.0 3.0 3.0 1.0 
17.0 2.0 3.0 20.0 0.0 0.0 2.0 12.0 1.0 5.0 3.0 3.0 4.0 0.0 
18.0 3.0 0.0 20.0 0.0 0.0 0.0 16.0 0.0 6.0 4.0 0.0 4.0 1.0 
26.0 3.0 0.0 20.0 0.0 0.0 0.0 17.0 1.0 0.0 0.0 0.0 4.0 1.0 
28.0 5.0 2.0 1.0 1.0 1.0 1.0 17.0 3.0 2.0 3.0 3.0 2.0 3.0 
28.0 5.0 2.0 2.0 2.0 0.0 2.0 18.0 0.0 2.0 3.0 3.0 2.0 3.0 
29.0 0.0 2.0 2.0 2.0 0.0 2.0 19.0 2.0 4.0 2.0 1.0 3.0 4.0 
29.0 0.0 3.0 3.0 0.0 0.0 2.0 19.0 2.0 5.0 3.0 2.0 0.0 4.0 
30.0 1.0 4.0 0.0 0.0 0.0 2.0 20.0 3.0 7.0 1.0 0.0 0.0 4.0 
32.0 1.0 4.0 0.0 0.0 1.0 0.0 20.0 3.0 7.0 0.0 0.0 0.0 4.0 
32.0 1.0 5.0 1.0 1.0 3.0 0.0 21.0 4.0 0.0 0.0 0.0 0.0 4.0 
32.0 1.0 6.0 0.0 2.0 4.0 1.0 22.0 0.0 0.0 0.0 0.0 0.0 4.0 
33.0 0.0 6.0 0.0 2.0 0.0 1.0 27.0 0.0 0.0 1.0 1.0 1.0 0.0 
34.0 1.0 0.0 0.0 2.0 0.0 1.0 27.0 0.0 0.0 2.0 2.0 2.0 1.0 
35.0 1.0 0.0 0.0 2.0 0.0 0.0 27.0 0.0 0.0 3.0 3.0 0.0 1.0 
36.0 0.0 0.0 0.0 2.0 0.0 0.0 28.0 0.0 1.0 4.0 0.0 0.0 1.0 
37.0 0.0 0.0 1.0 0.0 0.0 0.0 28.0 0.0 1.0 4.0 0.0 0.0 1.0 
38.0 0.0 0.0 0.0 0.0 0.0 1.0 29.0 1.0 2.0 0.0 0.0 0.0 1.0 
39.0 0.0 0.0 0.0 0.0 0.0 0.0 33.0 0.0 0.0 0.0 0.0 0.0 0.0 
