1.0 7.0 7.0 0.0 6.0 6.0 7.0 1.0 7.0 7.0 7.0 8.0 1.0 7.0 
2.0 8.0 0.0 0.0 6.0 6.0 8.0 2.0 8.0 9.0 9.0 10.0 3.0 1.0 
3.0 0.0 1.0 1.0 7.0 8.0 10.0 3.0 10.0 1.0 10.0 11.0 4.0 3.0 
7.0 0.0 0.0 1.0 7.0 8.0 10.0 3.0 11.0 2.0 11.0 12.0 0.0 0.0 
8.0 0.0 1.0 2.0 8.0 9.0 11.0 4.0 0.0 2.0 12.0 13.0 1.0 1.0 
10.0 0.0 0.0 2.0 8.0 9.0 11.0 4.0 0.0 2.0 12.0 13.0 1.0 0.0 
10.0 2.0 0.0 0.0 9.0 10.0 12.0 10.0 2.0 1.0 13.0 0.0 2.0 1.0 
16.0 4.0 2.0 2.0 1.0 12.0 0.0 22.0 0.0 3.0 1.0 2.0 4.0 3.0 
17.0 5.0 0.0 2.0 1.0 12.0 0.0 22.0 0.0 3.0 2.0 3.0 5.0 0.0 
20.0 6.0 1.0 3.0 2.0 0.0 0.0 22.0 0.0 4.0 3.0 4.0 6.0 1.0 
20.0 7.0 0.0 3.0 2.0 1.0 1.0 23.0 1.0 0.0 3.0 4.0 6.0 1.0 
28.0 7.0 0.0 4.0 0.0 1.0 1.0 23.0 1.0 0.0 3.0 4.0 0.0 0.0 
29.0 8.0 1.0 0.0 0.0 1.0 0.0 28.0 0.0 0.0 0.0 4.0 0.0 1.0 
32.0 0.0 0.0 0.0 0.0 1.0 0.0 30.0 0.0 1.0 1.0 5.0 1.0 1.0 
34.0 0.0 0.0 0.0 0.0 0.0 0.0 38.0 0.0 0.0 0.0 0.0 0.0 0.0 
