1.0 7.0 0.0 6.0 6.0 6.0 6.0 0.0 6.0 6.0 7.0 7.0 7.0 7.0 
2.0 8.0 1.0 8.0 8.0 0.0 7.0 1.0 7.0 0.0 7.0 7.0 8.0 8.0 
2.0 8.0 1.0 8.0 10.0 0.0 8.0 2.0 8.0 1.0 8.0 8.0 0.0 8.0 
3.0 10.0 3.0 10.0 0.0 1.0 10.0 3.0 1.0 2.0 9.0 9.0 1.0 10.0 
4.0 0.0 4.0 11.0 2.0 3.0 12.0 7.0 2.0 2.0 11.0 1.0 2.0 11.0 
4.0 0.0 5.0 12.0 0.0 3.0 12.0 7.0 2.0 2.0 12.0 0.0 2.0 11.0 
5.0 1.0 0.0 12.0 0.0 4.0 13.0 9.0 0.0 0.0 12.0 1.0 3.0 12.0 
6.0 0.0 0.0 12.0 0.0 4.0 13.0 9.0 0.0 0.0 13.0 0.0 3.0 12.0 
22.0 1.0 1.0 0.0 0.0 5.0 14.0 9.0 1.0 1.0 0.0 1.0 4.0 13.0 
23.0 0.0 1.0 0.0 0.0 5.0 14.0 11.0 0.0 1.0 0.0 0.0 4.0 13.0 
37.0 0.0 0.0 0.0 0.0 5.0 14.0 11.0 0.0 1.0 0.0 0.0 4.0 0.0 
38.0 1.0 1.0 1.0 1.0 0.0 0.0 26.0 0.0 2.0 1.0 1.0 0.0 0.0 
39.0 0.0 1.0 1.0 1.0 0.0 0.0 26.0 0.0 2.0 1.0 1.0 0.0 0.0 
39.0 0.0 1.0 2.0 0.0 0.0 0.0 26.0 0.0 2.0 1.0 1.0 0.0 0.0 
40.0 0.0 2.0 0.0 0.0 0.0 0.0 26.0 0.0 2.0 2.0 0.0 0.0 0.0 
41.0 1.0 0.0 0.0 0.0 0.0 0.0 27.0 0.0 3.0 0.0 0.0 0.0 0.0 
42.0 0.0 0.0 0.0 0.0 0.0 0.0 30.0 0.0 0.0 0.0 0.0 0.0 0.0 
